0,100,0,0,0.089590908736
0.0248568060156,98.7753458323,0.199745214454,4.89055351143,0.0952702590823
0.406876854373,95.1418165348,1.63354775468,9.56592175754,0.0973615528941
2.02770477839,89.3713525017,5.24145247167,13.2475631287,0.0913708783686
5.95009137797,82.2510841179,10.6633784744,14.7912646654,0.0787314986289
12.7006581168,74.9740956314,16.2696009977,13.9245014249,0.0640579670072
21.9871264299,68.5326203871,20.6595544938,11.6586840321,0.0506549314857
33.0825459937,63.2977940515,23.5210023722,9.26703842198,0.0404968518317
45.3050825632,59.1486691464,25.2367500235,7.37388088986,0.0339017716646
58.1970427086,55.8108217758,26.2520807846,6.02219448646,0.0299371180832
71.4860803508,53.0457690526,26.8562551241,5.07036279374,0.0276113496125
85.0104288946,50.6883590632,27.2106154837,4.38069187247,0.0262709487975
98.6692456724,48.6328005587,27.4038516062,3.85543009413,0.0255362049937
112.395484967,46.8135494864,27.4859151338,3.43070012214,0.0251906490326
126.141359326,45.1910039371,27.485688967,3.0657512518,0.0251094641984
139.870302939,43.7420275745,27.4201417137,2.7348357048,0.0252197033465
153.552353051,42.453835037,27.2992577326,2.42187474892,0.0254785648882
167.161408795,41.3200308435,27.12881808,2.11712174006,0.0258613298237
180.67357229,40.3379857869,26.9120501275,1.81509585366,0.0263542686701
194.066146805,39.5070309328,26.6506608985,1.51333560855,0.0269505374432
207.317059589,38.8271426652,26.3455320615,1.21166994858,0.0276473072171
220.40458328,38.2979018548,25.99723821,0.911818712173,0.0284439849257
233.307292937,37.9176021822,25.6064813065,0.617192454943,0.0293407306969
246.00423221,37.6824284415,25.1744991529,0.332799132006,0.0303371708989
258.475284156,37.5856718411,24.7034776359,0.0651764940463,0.0314313246906
270.701750412,37.6169932615,24.1969697467,-0.177738391111,0.0326184060276
282.667137556,37.761780338,23.660299182,-0.386869084905,0.033889862895
294.358131061,38.0006864163,23.1008963185,-0.552472834071,0.0352326241136
305.765704112,38.3094720113,22.5284876844,-0.664879754003,0.0366287731528
316.886264716,38.6592867748,21.9550455468,-0.715508677105,0.0380555896461
327.722700272,39.0175104553,21.3944197437,-0.69806814,0.039486433059
338.285149693,39.349217108,20.8616175012,-0.609809961423,0.0408918932378
348.591334371,39.6192281579,20.371773313,-0.452596030426,0.0422410180569
358.666321189,39.7945911979,19.9389335692,-0.233497806209,0.0435028850436
368.541667136,39.8472049826,19.5748270279,0.0352453148026,0.0446476985514
378.253983146,39.7562303523,19.2877959251,0.337040461656,0.0456480707824
387.843032467,39.5099127043,19.0820176016,0.652457069425,0.0464807298183
397.349529177,39.1065129688,18.9570900449,0.961236279825,0.0471287436187
406.812829285,38.5541779835,18.9080195572,1.24446609294,0.0475840879977
416.268721129,37.8697596861,18.9256317873,1.48655333373,0.0478499417901
425.747527259,37.0767743114,18.9974020442,1.67664204255,0.047941647619
435.272713585,36.2028352418,19.1086381965,1.809277229,0.0478858045042
444.860148101,35.2769565141,19.2438668476,1.8842584044,0.0477174567282
454.518058242,34.3271033797,19.3882063287,1.90582934235,0.0474759542346
464.247625616,33.3782611021,19.5285133988,1.88145509921,0.0472006173134
474.044064803,32.4511556483,19.6541570773,1.82048548281,0.0469269706309
483.89798568,31.5616187522,19.7573800118,1.73294837176,0.0466842049062
493.796843305,30.7204937515,19.8333001887,1.62861092554,0.0464939136803
503.72632022,29.9339330127,19.8796567415,1.51635668441,0.0463700399399
513.671541833,29.2039375647,19.8964128713,1.40383532808,0.0463194751143
523.618077193,28.5290169952,19.8853068206,1.29732076861,0.0463432333469
533.552715261,27.9048880754,19.84940973,1.20168957982,0.0464376079738
543.46402817,27.3251636254,19.79271925,1.12047368036,0.0465954051018
553.342742622,26.7820076013,19.7197991054,1.05593818796,0.0468069933355
563.181942155,26.2667471245,19.6354628361,1.00917353606,0.0470612586141
572.977121406,25.770436721,19.5444974638,0.980194130605,0.0473463870585
582.726111324,25.2843692628,19.4514236345,0.968053761341,0.0476505588591
592.428893565,24.8005241589,19.3602924068,0.97098196052,0.0479624464512
602.087323047,24.3119391215,19.2745220059,0.986550871098,0.0482718016505
611.704779765,23.8129937142,19.1967785059,1.01186206704,0.0485697818398
621.285772838,23.2995920647,19.1289049767,1.04376064802,0.0488492287099
630.835522257,22.7692356027,19.0719033313,1.07905626813,0.049104994446
640.359544589,22.2209887997,19.0259676157,1.11472987362,0.0493339298666
649.863267495,21.6553449573,18.9905653043,1.14812108132,0.0495349081457
659.351695474,21.074008805,18.9645591708,1.17707158012,0.0497086884081
668.829144298,20.4796196374,18.9463581046,1.2000190436,0.0498576844335
678.29905536,19.8754420185,18.9340835918,1.21603158057,0.0499855613708
687.763894075,19.2650511501,18.9257373276,1.22479585543,0.0500968680382
697.225129793,18.6520372654,18.9193575099,1.22655312184,0.0501965921223
706.683288385,18.0397504323,18.9131517402,1.22200479088,0.0502897746861
716.138063935,17.4310989021,18.9055995412,1.21219584948,0.050381095022
725.588473253,16.8284076658,18.8955209069,1.19839067864,0.0504746393561
735.033035956,16.2333397341,18.8821100425,1.18195058687,0.0505736398995
744.469963313,15.6468752181,18.8649374531,1.16422442604,0.0506804036796
753.897341127,15.0693413511,18.8439248846,1.14645771576,0.0507962769568
763.313294685,14.5004830533,18.819299576,1.1297203678,0.0509216630161
772.716126861,13.9395634315,18.7915338842,1.11485956892,0.0510562119484
782.104423742,13.3854841067,18.7612764338,1.10246892877,0.0511988443732
791.477124876,12.8369131943,18.7292808179,1.09288692291,0.0513480361104
800.833558515,12.2924119196,18.6963372739,1.08620481784,0.051501924932
810.173444105,11.7505518551,18.6632108156,1.08229468549,0.0516585359275
819.496866257,11.2100159838,18.6305893904,1.08084655279,0.0518158941865
828.804225782,10.6696783571,18.5990443298,1.08141416485,0.0519721789956
838.09617424,10.1286595939,18.5690041272,1.08346700412,0.052125878036
847.373538884,9.58635722653,18.5407419928,1.0864381587,0.052275775522
856.637244609,9.042451182,18.514376414,1.08977338544,0.0524210826755
865.888239166,8.49688794246,18.4898830194,1.0929683494,0.0525613784194
875.127426583,7.94984675779,18.4671154068,1.09560195445,0.0526966331005
884.355612827,7.4016925774,18.4458326478,1.09735654796,0.0528271551132
893.5734662,6.85292137757,18.4257302473,1.09802797383,0.0529534900784
902.78149353,6.30410244362,18.4064720555,1.0975267966,0.0530763852596
911.980032002,5.75582301541,18.38772036,1.09586905106,0.0531966709495
921.169255134,5.20863880004,18.3691621939,1.09316140084,0.0533152486086
930.349190584,4.6630343322,18.3505299615,1.08957889539,0.0534329307377
939.519746701,4.11939389125,18.331615906,1.0853423734,0.0535504468083
948.680744627,3.57798467317,18.3122797232,1.08069537751,0.0536683720946
957.831952669,3.03895105016,18.2924501243,1.07588123703,0.0537871276736
966.973119926,2.50231982087,18.2721204613,1.07112375439,0.0539069329798
976.104006602,1.96801372758,18.2513400329,1.06661164829,0.0540278532505
985.224409015,1.43587169137,18.2302018794,1.06249062718,0.0541498232484
994.334178155,0.905672671138,18.2088291567,1.0588537197,0.0542725760937
