0,100,0,0,0.0644483587742
0.0010956628971,99.6935020506,0.0175262605499,2.45144230831,0.094738332063
0.0231471831865,98.7752590175,0.197238060454,4.89078260605,0.0886261264086
0.121675380284,97.2512093304,0.649676433381,7.29127062475,0.0680043719411
0.359743977581,95.1339497348,1.31616516766,9.63115599885,0.0530952210426
0.786562445315,92.4408010751,2.15766571547,11.8943070102,0.0515025535822
1.46622426513,89.1983442523,3.34578500051,14.0152298923,0.0552993990779
2.50806302214,85.4562823328,5.06437589375,15.8712551543,0.0543845114112
4.03185525677,81.2906654171,7.19936545394,17.3860103889,0.0497624142766
6.11655758574,76.7882658733,9.54120935318,18.5570762362,0.0468310777545
8.81200463617,72.0421918224,12.0732400693,19.3270119772,0.046155118674
12.1700988382,67.1667968807,14.8273359263,19.5801401965,0.046319481045
16.2400871819,62.3040317501,17.7480619348,19.215420639,0.0466740694046
21.0486926053,57.6169746404,20.7108113214,18.168768309,0.0492206720114
26.6027548707,53.3029991305,23.6746653689,16.2242352527,0.0588293291926
32.9155180537,49.6828226891,26.693952134,12.5998943488,0.0563799775839
39.8624694747,47.0257927424,28.7290831605,8.5715499045,0.0347154347897
47.1407666466,45.1024986535,29.454744979,6.79555496528,0.037142920047
54.5731409297,43.6722955256,29.9484377909,4.63616021,0.0374337063432
62.0872044786,42.7905792323,30.1068348628,2.42083702634,0.0348402396441
69.5986922725,42.4172911419,29.9419617283,0.579343939954,0.0314934720993
77.0403534778,42.441594745,29.5645773429,-0.755115157678,0.0284538179636
84.3724790259,42.7400885951,29.0784200513,-1.61345132663,0.0257786208093
91.5774072602,43.2004808225,28.5561255695,-2.0518005756,0.0234383518696
98.6523194464,43.7251772028,28.0444763818,-2.13041950477,0.0214270211756
105.603583923,44.2317921896,27.5708802403,-1.90999008215,0.0197427902222
112.442659403,44.652825357,27.1492909508,-1.44851315743,0.0183956581056
119.183355743,44.9349132205,26.785083097,-0.800894953193,0.0174049706459
125.840186075,45.038093303,26.4789035312,-0.0193780154125,0.0167781411707
132.427568131,44.9350157177,26.2296287767,0.847352999262,0.0164834050536
138.959627717,44.6096930545,26.036239407,1.75700391635,0.0164367307425
145.450303978,44.0554492311,25.8983785031,2.6772847331,0.0165108640194
151.913449398,43.2720748286,25.8157796803,3.58868052347,0.0165640976429
158.362723352,42.2625663899,25.7872138379,4.48503096187,0.0164744023085
164.811251275,41.0300286714,25.8096776912,5.37164681542,0.0161663044095
171.271164043,39.5752881377,25.8782402899,6.26148493668,0.0156358304024
177.753219283,37.8957320053,25.9868370299,7.1691408341,0.0149975666106
184.266858538,35.986257777,26.1309506502,8.09993144934,0.0145716798306
190.821447718,33.8441768879,26.3143948395,9.02910753979,0.0149213516712
197.429762821,31.4801650576,26.5604369204,9.87417356196,0.0164399570227
204.112650911,28.9314262248,26.9098454625,10.504982079,0.0185008502603
210.898133675,26.2609227491,27.3787792085,10.8458911662,0.0201695843935
217.812539891,23.5384487148,27.9380736546,10.918868413,0.0216942923963
224.875303743,20.8311153338,28.5616384894,10.7234559791,0.0238858914971
232.102439888,18.2177912107,29.2464563539,10.1654901569,0.0275252957046
239.509789151,15.8137911127,29.9905170026,9.04750311306,0.0328211575747
247.105482575,13.7883915261,30.7296753797,7.13744286387,0.0374889682531
254.862287362,12.3293377935,31.253708618,4.52590546889,0.0375001416206
262.696821698,11.5259392198,31.3522720399,1.90900665621,0.0336000077128
270.505976488,11.3025372986,31.0742544618,-0.102822385409,0.0296354312301
278.216763865,11.5017680086,30.5860052859,-1.46869109006,0.0266145535707
285.792170753,11.9776687706,30.0046217216,-2.31658770666,0.0241577115357
293.21829592,12.6119268235,29.4006361179,-2.73769517974,0.0220484893322
300.495292471,13.3062572281,28.8174730378,-2.80008012604,0.020305147469
307.631633871,13.9795937196,28.279022011,-2.57273992967,0.0190342065692
314.639902304,14.5690339692,27.7948617342,-2.13154697201,0.0183394057751
321.533921777,15.0311377984,27.3658830705,-1.55613336338,0.0182717369199
328.327232019,15.342048536,26.9893242225,-0.923536923733,0.0188020863831
335.032591361,15.4959331239,26.6619314691,-0.301023747224,0.0198221780658
341.661979385,15.5018136343,26.3808334827,0.259685857834,0.0211753179431
348.226610642,15.3793839544,26.1428321287,0.724826042676,0.0226980095208
354.736719651,15.1546696982,25.9433452889,1.07745878276,0.0242502595186
361.201146369,14.8562257243,25.7758919984,1.3142911806,0.0257266148329
367.626888609,14.5121676952,25.6323379513,1.44215759926,0.0270543655455
374.018787165,14.1480123436,25.5036950053,1.47503870406,0.0281892036796
380.379443873,13.7852014884,25.3811639687,1.43155339837,0.0291116529405
386.709397532,13.4402235395,25.2571334003,1.33268095521,0.0298237356842
393.007518149,13.1242848431,25.1259124045,1.19964564129,0.0303446198106
399.271536366,12.8434744424,24.9840754858,1.05209727505,0.0307043144703
405.498609353,12.5993172579,24.8304186653,0.906836756345,0.0309375911355
411.685837983,12.3895730949,24.6656293219,0.777133876134,0.031078895092
417.830680986,12.2091393489,24.4918083994,0.672584474884,0.0311598842144
423.931244984,12.0509498736,24.3119665199,0.599284263802,0.0312076853514
429.986453928,11.9068007248,24.1295704912,0.560237245318,0.0312447994351
435.996116033,11.7680648173,23.9481792933,0.555832313923,0.0312891014814
441.960911731,11.6262829904,23.7711764635,0.584351628012,0.031353710115
447.882326016,11.4736255317,23.6015919701,0.642495264265,0.031446940124
453.76254587,11.3032234773,23.4419993327,0.725895839429,0.0315722194314
459.604339481,11.1093734949,23.2944709203,0.829613509046,0.0317282966673
465.410929779,10.8876247345,23.1605753847,0.948584260792,0.0319097334146
471.185871139,10.6347618478,23.0414036668,1.07800187693,0.0321075091362
476.932935102,10.3487011493,22.9376139081,1.21363071782,0.0323102013767
482.656009169,10.0283215571,22.8494895151,1.35201483911,0.0325047567487
488.359011228,9.6732516303,22.7770054684,1.49062013033,0.032677890569
494.045821603,9.28363445485,22.7199016574,1.62786952034,0.0328166384101
499.720233736,8.8598891504,22.6777581073,1.76313478632,0.0329091270864
