0,100,0,0,0.0750241527557
0.00127540896587,99.6935077301,0.020401065081,2.45134257162,0.0790662667155
0.0211249919647,98.775118735,0.170435221123,4.89280006496,0.0836396968365
0.110233379781,97.2500454161,0.597939853233,7.29842280675,0.0876929663718
0.357336807199,95.1340208493,1.45718334448,9.6066633101,0.0904842206538
0.887099291111,92.4644355076,2.87671379996,11.7034832926,0.0916294908226
1.84849658098,89.3139472852,4.91648361911,13.421671637,0.0908513523638
3.39214039636,85.8006207383,7.52456229321,14.5711045132,0.0878567771912
5.63885272524,82.085829135,10.5143084881,15.0059711753,0.082579911232
8.64916267423,78.3533082633,13.5974507772,14.703336864,0.0753243391514
12.4085331137,74.7728971082,16.4740288648,13.8002770105,0.0666563324332
16.8366213185,71.4637163276,18.9273969458,12.5594581522,0.0574769543707
21.8157153082,68.4746230137,20.8769259517,11.2696015908,0.0489707539082
27.2241059437,65.7920869945,22.365591609,10.1323352279,0.0420102382004
32.9591355762,63.3677194258,23.4962617465,9.22198574693,0.0367664297521
38.9442522175,61.1453919286,24.3716493487,8.52738036059,0.0329552913606
45.125590848,59.075919483,25.0698854623,8.00631427613,0.0301956119239
51.4656906519,57.1210669771,25.6443392804,7.61504993655,0.0281705220938
57.9381240603,55.252668319,26.1302876927,7.3177946623,0.0266530850828
64.5237521816,53.4504678621,26.5510557453,7.08765109416,0.0254889376163
71.2082814582,51.7000572637,26.922277361,6.9050824743,0.0245743761361
77.9806902611,49.9912460819,27.2546213313,6.75608648552,0.023839620471
84.832207998,48.3168605364,27.5555094362,6.63065663843,0.0232371660173
91.7556425599,46.6718817836,27.8302016833,6.52163818267,0.0227344356477
98.744929877,45.0528351302,28.0824979304,6.4238831732,0.0223086200356
105.794827005,43.4573584106,28.3151913608,6.33367288092,0.0219437241852
112.90069973,41.8838972887,28.5303747376,6.24828615058,0.0216282307506
120.058373288,40.3314905598,28.7296420548,6.16571495481,0.0213538071513
127.264025591,38.7996176121,28.9142283218,6.08445387444,0.0211142914295
134.514109632,37.2880901605,29.0851045318,6.00335796814,0.0209050991833
141.805296078,35.7969750064,29.2430447612,5.92153765533,0.0207227431834
149.134429967,34.3265388248,29.3886724946,5.83828825964,0.0205645546317
156.498497322,32.8772083474,29.5224939761,5.75303772701,0.02042839849
163.894598719,31.4495406941,29.6449207663,5.665318016,0.020312661618
171.319928056,30.0442016238,29.756288778,5.57473052233,0.0202160036862
178.771755049,28.6619493557,29.8568694104,5.48093626044,0.0201374105513
186.247410488,27.303622152,29.9468803198,5.38363566606,0.0200760400593
193.744273571,25.970128967,30.0264915248,5.28256435338,0.0200311805308
201.259760601,24.6624407792,30.0958302755,5.17749192481,0.0200023515821
208.791315092,23.3815840104,30.1549871696,5.06820650163,0.0199890846908
216.33639873,22.1286345608,30.2040173548,4.95452531186,0.0199910714626
223.892483061,20.9047116336,30.2429447803,4.83628577365,0.020008056879
231.457041903,19.7109722251,30.2717639498,4.71334912934,0.0200398570895
239.027544262,18.5486050613,30.2904421645,4.58560122868,0.0200863594115
246.601447805,17.4188244065,30.2989217348,4.45295278316,0.0201474808156
254.17619281,16.3228632086,30.297121612,4.31534442154,0.02022320351
261.749196633,15.261965589,30.2849398656,4.1727468657,0.020313503772
269.317848672,14.2373782145,30.2622553253,4.02516970335,0.0204183993936
276.879505935,13.2503402744,30.228930586,3.87266375273,0.0205379140973
284.431489319,12.3020723641,30.1848148868,3.71532744008,0.0206720953286
291.971080733,11.393764119,30.1297478254,3.55331040862,0.0208209608793
299.495521129,10.52656019,30.0635630539,3.38682314412,0.0209845641255
307.002009672,9.70154492706,29.9860935773,3.21613768678,0.0211628516912
314.487704114,8.91972479914,29.8971762795,3.04160496828,0.0213558413684
321.949722727,8.18200938149,29.7966596046,2.86364894487,0.0215634441972
329.385147953,7.48919124079,29.6844098282,2.68278122635,0.0217855652869
336.791031932,6.84192392303,29.5603196879,2.49960161233,0.0220220326483
344.164404196,6.24069896821,29.424317089,2.31480529858,0.0222726505697
351.502281711,5.68582220375,29.2763751089,2.12918143319,0.0225371699631
358.801681432,5.17739024799,29.1165220987,1.9436128573,0.0228152824342
366.059635431,4.71526731774,28.9448520899,1.75907391704,0.0231066321433
373.27320864,4.29906309989,28.7615352909,1.57662414061,0.0234108929038
380.439519194,3.92811362672,28.5668281363,1.39739058374,0.0237276139855
387.555761042,3.60146469449,28.3610816609,1.22256509621,0.0240564158261
394.619228658,3.31785903431,28.1447494972,1.05337715453,0.0243969010711
401.62734338,3.07572924968,27.9183930308,0.89107492509,0.0247487257421
408.57768077,2.87319663935,27.6826842687,0.736897221155,0.0251115399301
415.467998308,2.70807633978,27.4384057113,0.592051042844,0.025485064894
422.296262711,2.57788914466,27.1864473898,0.457680742981,0.0258690337539
429.060676096,2.47988021197,26.9278006581,0.334843824166,0.0262633041739
435.759700205,2.41104511507,26.6635487825,0.224476542949,0.026667686373
442.392077878,2.36816212944,26.3948546255,0.127378417773,0.0270820973217
448.956851169,2.34783005511,26.1229459775,0.0441835866232,0.0275064065456
455.453375509,2.34651101984,25.8490988301,-0.0246504084272,0.0279404835701
461.881329531,2.36057636493,25.5746194736,-0.0788560014965,0.0283841386139
468.240720321,2.38635486869,25.30082586,-0.118360919739,0.0288371581733
474.531883948,2.42018237233,25.0290285903,-0.143294047919,0.0292991626859
480.755481296,2.45845099503,24.760512501,-0.153976341946,0.0297696895599
486.912489397,2.49765672228,24.496519042,-0.150916868687,0.0302480567694
493.00418851,2.534444302,24.2382301008,-0.134795309371,0.0307334340215
499.032145363,2.56564830259,23.9867533383,-0.106448740661,0.0312247775197
