200,100,0,0,0.00590215486288
200.000100351,99.6934861896,0.00160531276037,2.45172085446,0.116903333783
200.022305341,98.7753818145,0.223294621575,4.88818937787,0.182542597771
200.178782158,97.2604071346,1.14510150975,7.19631530853,0.191245927513
200.669887505,95.2093812306,2.93120196843,9.11937347668,0.2
201.7306287,92.7731823541,5.68980961293,10.1894716435,0.2
203.565550214,90.2248085982,9.04456686489,9.94358005198,0.151384559393
206.161333387,87.8055507583,11.7272712805,9.22634077866,0.0912893732786
209.299388881,85.4953680624,13.3960297634,9.16624178977,0.0758613072336
212.829595849,83.204652779,14.858330571,9.08761354115,0.0646385432482
216.704866837,80.9343588804,16.1530224581,9.01547257274,0.0573128707409
220.889834088,78.6869611213,17.3326797888,8.91255903008,0.0516548114717
225.357446602,76.469280071,18.4118011096,8.78428547377,0.047382979244
230.084432204,74.288383592,19.4056061263,8.62346125162,0.043877489388
235.050070173,72.1514521117,20.3194551913,8.43707353731,0.0409654037952
240.234958037,70.0640904666,21.1584169684,8.23085170598,0.0384383071363
245.620709427,68.0299069483,21.9255863137,8.01520416035,0.0362306240797
251.189847537,66.0501289638,22.6250568116,7.79877653827,0.0342928988338
256.926015141,64.1240530655,23.2616127965,7.58838538107,0.0326084187925
262.814166943,62.2497105918,23.840863817,7.38734294282,0.0311540840268
268.840679054,60.4246175867,24.3685015144,7.19649279024,0.0299051933289
274.993313918,58.6462936148,24.8498785523,7.01500711698,0.0288337361813
281.26109569,56.9125591046,25.289713292,6.84135477925,0.0279135761559
287.6341438,55.2216491521,25.692039215,6.67379296534,0.0271216489077
294.103505831,53.5722303517,26.0602446644,6.51064922343,0.0264387687445
300.6610069,51.9633704113,26.3971610727,6.35041682504,0.0258493795395
307.299121832,50.3944942453,26.7051551378,6.19176857123,0.0253410506248
314.010869164,48.8653414365,26.9862105117,6.03353324093,0.0249040379226
320.789724,47.3759327391,27.2419962929,5.87464790025,0.0245307442546
327.629545881,45.9265482686,27.4739186432,5.71411308072,0.0242155947983
334.524518461,44.51772025,27.6831631548,5.55092182291,0.0239547227621
341.469097925,43.1502431932,27.8707223914,5.3839919273,0.0237456135452
348.457966423,41.8251989315,28.0374087365,5.21211539091,0.0235875436068
355.485988662,40.5440020353,28.1838657552,5.0338463521,0.0234815211594
362.548169318,39.3084737657,28.3105632576,4.84738547513,0.0234306538701
369.639607778,38.1209504879,28.4177800502,4.65042054084,0.023440890193
376.755446807,36.9844419547,28.5055711128,4.43988779339,0.0235220987499
383.890810005,35.9028630199,28.5737085309,4.2116245441,0.0236899542809
391.040719905,34.8813756792,28.6215818663,3.9598361806,0.0239683158398
398.199982154,33.9268920441,28.6480211412,3.67634545256,0.0243924293518
405.363009759,33.0487993926,28.6509867457,3.34957275439,0.0250101196766
412.523539851,32.2599379285,28.627014273,2.96354376608,0.0258707358539
419.674160381,31.5776406409,28.5702689287,2.49839502948,0.0269729612768
426.805549005,31.0238821201,28.4713093086,1.93698524232,0.0281071588993
433.905504919,30.6216118689,28.3170789048,1.28868635222,0.0285836164355
440.95870859,30.3817326674,28.0974415115,0.640029701392,0.0273285637796
447.949530109,30.2796805934,27.8222770983,0.186886055331,0.0243305547535
454.86824099,30.2439250183,27.5272852559,0.108303265932,0.0215082949698
461.714444788,30.1851685946,27.2468023752,0.368724130791,0.0199591467083
468.494245013,30.0369948251,26.9979632271,0.821834354639,0.0191481464505
475.216576983,29.7620063205,26.7878387783,1.38171950553,0.0185519014001
481.891523131,29.3373957634,26.6193019108,2.01738113743,0.0180951751769
488.529690717,28.7470360312,26.4938302687,2.70635918715,0.0181836369336
495.142390814,27.9851478889,26.4153807415,3.38840527321,0.0196252029836
501.742974905,27.070493914,26.3957008383,3.92745579878,0.0225054765046
508.347546816,26.0568292899,26.4442455533,4.17956736998,0.0250899582505
514.970506017,25.0131194621,26.5391239577,4.1672820755,0.0262792457938
521.618546037,23.9890002509,26.6427507382,4.02298121906,0.0266837050915
528.291122768,23.0077818113,26.7344996022,3.82461923626,0.0268572125435
534.98427689,22.0797222875,26.8069032127,3.59840956858,0.0269825986028
541.692771077,21.2106558614,26.8569170433,3.35344286604,0.0270962182283
548.410776754,20.404543493,26.8828009055,3.09558293721,0.0271792356372
555.13209933,19.6636226424,26.8834056693,2.83272738904,0.0271832684875
561.850339892,18.9875591726,26.8583322807,2.57750799665,0.027047652036
568.559154256,18.3721585008,26.8085115669,2.34810859284,0.0267279419005
575.252674647,17.8082467387,26.7368623864,2.16609758096,0.0262304364443
581.926052138,17.2815183089,26.6485395913,2.05089452618,0.0256269144714
588.57596337,16.7739071443,26.5504044811,2.01314832782,0.0250294773579
595.200896919,16.2662423609,26.4498761047,2.05108957052,0.0245434477329
601.801137584,15.7411990539,26.3537545534,2.15179184708,0.0242364707291
608.378507458,15.1855572435,26.2674772662,2.29541455564,0.0241367051303
614.935983015,14.5914014455,26.1948411967,2.45942044007,0.0242417193651
621.47727661,13.9563980295,26.1379633409,2.62173521344,0.024521943152
628.006413957,13.2833422895,26.0972782832,2.76343423182,0.024921918869
634.527313202,12.5790584981,26.0715583101,2.87123501241,0.0253692983687
641.043389908,11.8527851935,26.0581017016,2.93912288512,0.0257959857881
647.557250271,11.1144014153,26.0532318064,2.967995293,0.0261574299932
654.070538425,10.3729699755,26.0530037389,2.96347927681,0.026438128233
660.58395388,9.63589754688,26.0538431246,2.93318127038,0.0266443729401
667.097394289,8.90870507016,26.0529133052,2.88455992055,0.0267929300964
673.610152636,8.19520176834,26.0481971989,2.82382977647,0.0269029735327
680.121111172,7.49783881485,26.0384018943,2.75562374072,0.0269921706915
686.6289017,6.81809876074,26.0227919951,2.68304581068,0.0270754846334
693.132022806,6.15685393188,26.0010150922,2.60786653166,0.0271655476689
699.628915944,5.51467652461,25.9729474352,2.53071341824,0.0272727740407
706.118005558,4.89209914449,25.9385610405,2.45127627273,0.027405988574
712.597709222,4.28982861455,25.8978160225,2.36847505125,0.0275728655457
719.066423351,3.70892069082,25.8505725153,2.28060422002,0.0277801184654
725.522488791,3.15091905376,25.7965175102,2.18547376801,0.0280337254405
731.96413979,2.61796008378,25.7351048871,2.08054159912,0.0283387809098
738.389439221,2.11284152598,25.6655057768,1.96306969574,0.0286989322305
744.796202795,1.63904474086,25.5865710848,1.83033875215,0.0291146716475
751.181915961,1.20068386313,25.4968135309,1.6800171134,0.0295810529888
757.543651261,0.802338777903,25.3944330434,1.51071909654,0.0300832080841
763.878000928,0.448703895493,25.2774207834,1.32291596317,0.0305919817984
770.181052497,0.143972741035,25.1438057388,1.12013172959,0.0310617258251
