100,80,-20,0,0.2
95.3579413498,78.4061296368,-16.0229039864,12.3510212283,0.2
92.4936555833,74.1506304427,-6.02742375002,20.7705368568,0.2
92.6453067262,68.6145724668,7.48107853584,22.1135608724,0.2
96.1120585924,63.8233295735,19.4915891505,14.8647281794,0.157966752231
101.703040955,61.2658562473,24.3661659794,5.16965350017,0.0651813767552
107.871675943,60.3518453053,24.8700265262,2.12820613998,0.0413495090604
114.086981212,59.9506238467,24.8282428509,1.08694807327,0.0314644355774
120.275958252,59.7017464367,24.6808508641,0.909705968473,0.0287896120548
126.426436492,59.4654235625,24.5246183175,0.98572084277,0.0284276400208
132.539190555,59.2029052852,24.3798852953,1.11867729995,0.0286812351346
138.617709237,58.9066456597,24.2507426762,1.25515446107,0.0290762765408
144.665915544,58.5775150934,24.137187988,1.38119761347,0.0294821947813
150.687570689,58.21852005,24.0380901258,1.49366390886,0.0298622553349
156.686111264,57.8330639536,23.9520296366,1.59251883313,0.0302071233392
162.664614284,57.4244462238,23.877563096,1.67862801777,0.0305155889392
168.62580341,56.9957173698,23.8133112254,1.7531156843,0.0307890636325
174.572069447,56.5496397638,23.7579914507,1.81716069957,0.0310302636623
180.505496389,56.0886868062,23.7104311592,1.87189361505,0.0312419883013
186.427889089,55.6150563982,23.6695689676,1.91838525566,0.0314271672964
192.340800977,55.1306881125,23.6344536294,1.95762869472,0.0315887541175
198.245561098,54.6372840972,23.6042398487,1.99052752039,0.0317294412851
204.143299726,54.1363303579,23.5781814191,2.0179046152,0.031851885736
210.034972347,53.6291180765,23.5556247124,2.04049315188,0.0319584478736
215.921381715,53.1167647055,23.5360001262,2.05894742352,0.0320512390137
221.80319785,52.6002327772,23.5188141532,2.07385030969,0.0321323111653
227.680976177,52.0803485707,23.5036421653,2.08570698423,0.0322032774687
233.55517359,51.5578186637,23.4901195689,2.09496809777,0.0322657154799
239.426162739,51.0332444014,23.477935895,2.10202327288,0.0323210604191
245.29424469,50.5071368606,23.4668279089,2.10720364783,0.0323704035282
251.159659811,49.9799291607,23.4565725228,2.11080053313,0.0324147411585
257.022597217,49.4519863532,23.4469820847,2.11306609064,0.0324549866319
262.88320305,48.9236151545,23.4378997566,2.11421392442,0.0324918634892
268.741587566,48.3950724298,23.4291947593,2.11442844856,0.0325260359645
274.597831212,47.8665724765,23.4207588694,2.11386511945,0.0325580496788
280.451989809,47.3382936135,23.4125028547,2.11265573561,0.0325883435011
286.304098918,46.81038349,23.4043535188,2.11091336791,0.0326172495484
292.154177532,46.2829631078,23.3962512909,2.10873770161,0.0326451355219
298.002231306,45.7561307935,23.388148675,2.10621009993,0.0326723453999
303.848255304,45.2299667966,23.3800081003,2.10339353353,0.0326989622116
309.692236115,44.704535647,23.3717993422,2.10035053648,0.0327251164317
315.534153693,44.1798868892,23.3634994301,2.09713822685,0.0327511994839
321.373983189,43.6560590226,23.3550924466,2.09378768929,0.0327771046162
327.211696166,43.1330814751,23.3465657702,2.09034026266,0.0328030927777
333.047261692,42.610975568,23.3379117579,2.08681934791,0.0328290097713
338.880647182,42.0897552185,23.329125026,2.08326065929,0.0328551639915
344.711819298,41.5694282439,23.3202045332,2.07967720474,0.0328813775182
350.540744539,41.0499975709,23.3111502586,2.07609502162,0.0329078757167
356.367389824,40.5314617783,23.301965265,2.07252280853,0.0329344806671
362.191722876,40.0138157248,23.2926531163,2.06898156685,0.0329613702893
368.013712637,39.4970508143,23.2832197818,2.0654778991,0.0329884141088
373.833329566,38.981155763,23.2736715495,2.06202666324,0.0330158374906
379.65054596,38.4661178519,23.2640165074,2.05862448168,0.0330433320403
385.465335956,37.9519225554,23.254261681,2.05528915287,0.0330710400939
391.277675718,37.4385524413,23.244416037,2.05202610061,0.0330989379287
397.087543697,36.9259887459,23.2344888763,2.04884054474,0.0331271085739
402.894920745,36.414212413,23.2244899928,2.04572961205,0.0331553029418
408.699790012,35.9032030567,23.2144282556,2.04270679165,0.0331836989522
414.50213709,35.3929388202,23.2043140535,2.03977036035,0.0332122017145
420.301950087,34.8833976659,23.1941572266,2.03692348646,0.0332407875061
426.099219584,34.3745568092,23.1839677057,2.03416897717,0.0332694800496
431.893938671,33.8663932445,23.173755554,2.03150580185,0.0332982200384
437.686102896,33.358883937,23.1635304291,2.02893522862,0.0333269837499
443.475710209,32.8520055723,23.1533018894,2.02645823157,0.0333557474613
449.262760938,32.3457346272,23.1430793672,2.02407551032,0.0333845704794
455.047257777,31.8400481915,23.1328722797,2.02178148292,0.0334133341908
460.829205642,31.3349238976,23.1226890869,2.01957740019,0.033442050457
466.608611566,30.8303393998,23.112538234,2.01746184626,0.0334707548618
472.385484674,30.326273247,23.102427913,2.01542910197,0.033499435544
478.15983604,29.8227055068,23.0923655454,2.01347276505,0.0335280450583
483.931678482,29.3196175924,23.082357669,2.01158849789,0.0335566071272
489.70102639,28.8169923762,23.0724102849,2.00976899235,0.0335851454735
495.467895555,28.3148149083,23.0625285589,2.00800417283,0.0336135177612
501.232302869,27.8130715761,23.0527162871,2.00629343444,0.0336419493556
506.994266237,27.3117510569,23.0429774894,2.00461910798,0.0336703572273
512.753804302,26.8108457452,23.0333141431,2.00296918165,0.0336986939311
518.510936023,26.3103506263,23.023726868,2.00133497608,0.0337270306349
524.265680427,25.8102634888,23.0142154847,1.99970278828,0.0337555096745
530.018056364,25.310586782,23.0047786176,1.99804911136,0.0337840836048
535.768082023,24.8113282921,22.9954124002,1.99635482943,0.0338127168417
541.51577437,24.3125001017,22.9861109997,1.99460474459,0.0338415635824
547.261148778,23.8141192764,22.9768673545,1.99277426394,0.0338707068563
553.004218577,23.3162095079,22.9676721063,1.99083506779,0.0339001585245
558.744994408,22.8188013321,22.9585131446,1.98876081221,0.0339300372005
564.483483605,22.3219325251,22.9493760255,1.9865200194,0.0339604259133
570.219689533,21.8256489861,22.9402434226,1.9840792905,0.0339915144444
575.953610886,21.3300060879,22.9310951364,1.9813963705,0.0340232790709
581.685240782,20.8350688713,22.9219068979,1.97843628788,0.0340558858514
587.414565914,20.3409118362,22.9126514838,1.97515847019,0.0340895601511
593.141565765,19.8476207677,22.9032982634,1.97151335669,0.0341244561672
598.866211613,19.355294222,22.8938122028,1.96744850904,0.034160656929
604.588465379,18.8640434795,22.8841535303,1.96291473228,0.034198364079
610.30827853,18.3739926697,22.8742783192,1.95785859195,0.0342378978729
616.025591028,17.8852807529,22.8641382642,1.9522150749,0.0342793294787
621.740330007,17.398062034,22.8536791702,1.94592662553,0.0343230028749
627.452408493,16.9125065807,22.8428421923,1.93892490519,0.0343691078424
633.161724054,16.4288013753,22.8315625357,1.93114314584,0.034417917192
638.868157364,15.9471504912,22.8197697988,1.92251160711,0.0344696207047
644.571570737,15.4677749227,22.8073876025,1.91296486644,0.0345245386362
650.271806739,14.9909124961,22.7943342654,1.90243390544,0.0345830031037
655.968686816,14.5168186933,22.7805224611,1.89084671876,0.0346452394724
661.662009811,14.0457662675,22.7658587975,1.87813735261,0.0347115561366
667.351550549,13.57804429,22.7502445828,1.86424141824,0.0347822852135
673.037058543,13.1139577934,22.7335760157,1.84909580985,0.0348575927615
678.718256677,12.6538258185,22.7157441369,1.83265172828,0.0349378583431
684.394840168,12.197979577,22.6966365626,1.81486074957,0.035023437798
690.066475692,11.7467620035,22.6761374336,1.79567765765,0.0351144616008
695.732800493,11.3005248421,22.6541274996,1.7750772781,0.0352113567591
701.39342187,10.8596261398,22.6304864607,1.75303443334,0.0353142656088
707.047916829,10.4244276658,22.6050926345,1.72954454239,0.035423591435
712.695832062,9.99529198844,22.5778252619,1.70460578911,0.0355395833254
718.336684165,9.57258039262,22.5485645538,1.67823022194,0.0356625140905
723.969960048,9.15664960205,22.5171930673,1.65044220129,0.0357927039862
729.595117684,8.74784911709,22.4835968978,1.62127504532,0.0359304021001
735.211587078,8.34651838336,22.4476664463,1.59077572421,0.0360760769546
740.818771546,7.95298530727,22.4092977634,1.55898943799,0.0362299539149
746.416049031,7.56756464,22.3683920832,1.52597604791,0.0363924718499
752.00277361,7.19055619379,22.3248572441,1.49179502542,0.0365639332235
757.578277094,6.82224381787,22.2786074105,1.45651440542,0.0367447887659
763.141870716,6.46289456578,22.2295637731,1.42020033289,0.0369354773462
768.692846832,6.11275908974,22.1776540874,1.38291770398,0.037136354804
774.230480508,5.77207126714,22.1228123382,1.3447356464,0.0373478659391
779.754031113,5.44104789946,22.0649789594,1.3057214792,0.0375705089271
785.26274389,5.11988959083,22.0041003706,1.2659373321,0.0378046099544
790.755851335,4.80878058521,21.940128323,1.2254518105,0.0380506968498
796.232574615,4.50788877999,21.8730202886,1.18432696862,0.0383091432452
801.692124873,4.21736603594,21.8027386896,1.14262892358,0.0385803998709
807.133704508,3.93734773619,21.7292511412,1.100423266,0.0388648640811
812.55650845,3.6679524205,21.6525303291,1.05777902946,0.0391630162597
817.959725457,3.40928152653,21.5725541809,1.01476388558,0.0394753367901
823.342539394,3.16141964344,21.4893055998,0.971444846679,0.0398021815121
828.70413046,2.92443361087,21.4027725177,0.927896758796,0.0401441375613
834.043676537,2.69837230771,21.3129483485,0.884188357683,0.0405015370548
839.360354484,2.48326609821,21.2198316976,0.840398868034,0.0408750145733
844.653341555,2.27912648411,21.1234269775,0.796599852038,0.04126495561
849.921816761,2.08594600903,21.0237440051,0.752871251396,0.0416721252203
855.164962298,1.90369895649,20.920798153,0.709279121417,0.0420968080759
860.381964793,1.73234107954,20.8146098409,0.66590546961,0.0425397692323
865.572016739,1.57180912968,20.7052053355,0.622820192838,0.0430016017556
870.734317805,1.4220224587,20.5926157689,0.580092476,0.0434828512669
875.868076059,1.28288273207,20.4768772809,0.537794485012,0.0439841760695
880.97250926,1.15427388651,20.3580311859,0.495995755158,0.0445062937737
886.046846103,1.03606306738,20.2361236011,0.45476097297,0.0450499101281
891.090327369,0.928101594154,20.1112050324,0.414151954294,0.0456156241298
896.102207022,0.830224790599,19.9833305359,0.374234704876,0.0462042779326
901.081753371,0.742252475193,19.852559662,0.335067163123,0.0468166365921
906.02825011,0.663990262874,19.7189559063,0.296704915312,0.0474533939958
910.940997316,0.595229518205,19.5825869027,0.259206240331,0.0481154871881
915.819312482,0.535748132359,19.4435241805,0.222620559528,0.0488037227392
920.662531422,0.4853116789,19.3018427714,0.186996881616,0.0495189902484
925.470009146,0.443673874439,19.1576211578,0.152380950181,0.0502621852458
930.241120702,0.410577242563,19.0109411469,0.118816456208,0.0510342981517
934.975261983,0.385754023472,18.8618875797,0.0863418848667,0.0518363431096
939.671850429,0.3689273991,18.7105479077,0.0549911352953,0.0526692156494
944.330325686,0.359811719961,18.5570124194,0.0248008301823,0.0535341256261
948.950150295,0.358113501397,18.4013737437,-0.00420303058586,0.054432104975
953.530810204,0.363532779002,18.2437265325,-0.0319947043204,0.0553642567992
958.071815292,0.375763380862,18.0841675481,-0.0585503767932,0.0563319214284
962.57269982,0.394494508842,17.9227948517,-0.0838568825622,0.0573361307979
967.033022739,0.419411420694,17.7597080454,-0.107895953857,0.0583782193065
971.452368094,0.450195616798,17.5950081561,-0.13065587095,0.0594595925212
975.830345293,0.48652658042,17.4287968757,-0.152132256415,0.0605814958811
980.166589254,0.528082500548,17.2611766551,-0.172319222959,0.0617453586757
984.460760598,0.574540620804,17.0922505937,-0.191215161315,0.0629526695013
988.712545766,0.625578341373,16.9221220385,-0.208822986469,0.0642048695087
992.921657067,0.680873851865,16.7508945933,-0.225146176889,0.0655036726594
997.087832672,0.740107331748,16.5786713432,-0.240197182467,0.0668505201042
