200,100,0,0,0.2
200.003396948,99.6936399786,0.054310537449,2.44902115901,0.2
200.054072468,98.7784145195,0.430910480805,4.86014564649,0.2
200.270632689,97.2762869867,1.42625290442,7.11363356227,0.2
200.83688861,95.2562149177,3.25157735889,8.9463828521,0.193531284451
201.958566647,92.8659553164,5.84976733173,10.0074995618,0.16625258708
203.76146507,90.3076354211,8.64801547011,10.2730319191,0.122197920561
206.211181145,87.7198451676,10.9907431231,10.2904958048,0.0606831118464
209.118337628,85.0336308852,12.3047446553,11.1435636847,0.0583464784026
212.374050453,82.1690758049,13.7728095247,11.7117077442,0.0452161999643
215.973234842,79.148767177,15.0482839065,12.4030757228,0.0482533276379
219.922553197,76.0094104999,16.5663646091,12.6534834029,0.0281718268394
224.177958775,72.7251620397,17.497824151,13.5909827191,0.0564620460868
228.816495565,69.4320391381,19.5979491535,12.6653957997,0.001
233.698916337,65.9824290197,19.4617186884,14.9264740001,0.0885470944047
239.036357026,62.7445356029,23.0420175922,10.7671158995,0.001
244.773264496,59.770573983,22.8538198006,13.0198045415,0.001
250.463533698,56.2371221103,22.6688340272,15.2426243033,0.0514505060911
256.443754901,52.7100511763,25.1042645993,12.8741852266,0.001
262.691847352,49.2158388782,24.8811726226,15.0742958971,0.0180499538779
269.01273743,45.3893095205,25.6939405325,15.5167861455,0.0262475167513
275.603149173,41.5799231875,27.0220490874,14.9212896236,0.001
282.326276429,37.5808823001,26.7638073725,17.0654500933,0.0822755496502
289.599007498,34.3063137445,30.9265986274,8.88278836816,0.0735559995472
297.517641136,33.0569250023,32.0008148005,1.08507964828,0.0730531446338
305.395512151,33.7280791373,30.6424011274,-6.3245860619,0.00891880989075
312.982616439,35.1366533267,30.0667660004,-4.9384863303,0.0154721559882
320.417362473,36.2944616977,29.4217089374,-4.311006248,0.0150107148886
327.699849312,37.2793941296,28.8489804813,-3.55774660276,0.0162919751406
334.844680812,38.0862400847,28.3196336897,-2.8864711857,0.0172936165333
341.862999324,38.7311879626,27.8362272821,-2.26311462973,0.0183133464456
348.766100082,39.2263946193,27.397231354,-1.68913532269,0.0193184276223
355.564895301,39.5840392146,27.0011302981,-1.16326424501,0.0203015060425
362.269888329,39.8159922313,26.6461693449,-0.684285710383,0.0212552039623
368.891113959,39.9338174528,26.3303558533,-0.250946327178,0.0221717522144
375.438080258,39.948745465,26.0514708276,0.138181040651,0.0230441407561
381.919714229,39.8716259917,25.8070875164,0.48473070303,0.0238659763336
388.344313597,39.7128691359,25.5946020716,0.790598717266,0.0246319450736
394.719507661,39.4823780908,25.4112752053,1.05795615563,0.0253382513523
401.052229775,39.1894837224,25.2542830724,1.2892205156,0.0259824280143
407.348703234,38.842885117,25.1207735642,1.48703612865,0.0265638819933
413.614441723,38.450602522,25.0079257631,1.65419459739,0.0270832775235
419.854264067,38.0199453798,24.9130050587,1.7935934535,0.0275425835848
426.072322247,37.5574934706,24.8334138424,1.90817282749,0.02794505018
432.272141127,37.0690958151,24.766734018,2.00083702479,0.0282944017649
438.456667132,36.5598827326,24.7107567863,2.07442798296,0.0285950981975
444.628323518,36.0342891165,24.6635050293,2.13166254747,0.0288518958688
450.78906969,35.4960902151,24.6232435324,2.17509557016,0.0290697883964
456.94046194,34.9484470607,24.5884802453,2.20708003682,0.0292535440326
463.08371324,34.3939577388,24.5579578343,2.22976053006,0.0294080021977
469.219750462,33.8347137056,24.5306412732,2.24503970934,0.0295376227498
475.349267475,33.2723598778,24.5056978536,2.25458184927,0.0296467232108
481.472773088,32.7081561213,24.4824757235,2.25979829329,0.0297390043139
487.590633,32.1430371885,24.460478097,2.2618744589,0.0298179770112
493.703105696,31.5776698948,24.4393401603,2.26176498274,0.0298864880204
499.810372192,31.0125062113,24.4188036851,2.26023119588,0.0299469214678
505.912559961,30.4478286413,24.3986956417,2.25786531606,0.030001424253
512.009761907,29.8837914531,24.3789097702,2.25509937252,0.0300514434576
518.102050629,29.3204546214,24.3593879645,2.25225448363,0.0300983905792
524.189488982,28.7578119202,24.3401084309,2.24953833223,0.0301432738304
530.272137482,28.1958156526,24.3210728319,2.24707451522,0.0301865913868
536.350058842,27.6343927844,24.3022962768,2.24494184159,0.0302290193439
542.423320828,27.0734580836,24.2838030972,2.24315898562,0.0302708779573
548.491997637,26.5129255791,24.2656198512,2.24171321834,0.0303123214245
554.556169974,25.9527146844,24.2477717678,2.2405742939,0.0303535751104
560.615924539,25.3927551912,24.2302812204,2.23968960428,0.0303947101831
566.671352971,24.8329911656,24.2131651891,2.23899776953,0.03043570292
572.722550352,24.2733820304,24.1964342578,2.23843752872,0.0304767193794
578.769613711,23.7139042685,24.1800932126,2.23793390428,0.0305177477002
584.812640335,23.1545528858,24.1641393489,2.23741393084,0.0305587878823
590.851725934,22.5953408476,24.1485628325,2.23680713238,0.030599958539
596.886962963,22.036299462,24.1333473627,2.23603747658,0.0306413664222
602.918438941,21.4774794663,24.1184697018,2.23502580867,0.0306831064224
608.94623468,20.9189515008,24.1038994523,2.23369230482,0.030725297153
614.970422514,20.3608063235,24.0895991643,2.23195609023,0.0307680690885
620.991064539,19.8031550029,24.0755243719,2.2297357968,0.0308118017912
627.008210975,19.246131311,24.0616242541,2.22693144496,0.0308565427065
633.021898201,18.689892867,24.0478390632,2.22345251174,0.0309027069807
639.032146827,18.1346221901,24.0341020797,2.21919061976,0.0309504962564
645.038959628,17.5805288103,24.0203373977,2.21403837541,0.0310003375411
651.042319378,17.0278509907,24.0064606659,2.20787364761,0.0310525392294
657.042186505,16.4768579632,23.9923774113,2.20057118071,0.0311074571609
663.038496546,15.9278508856,23.9779829293,2.1920011971,0.0311655302048
669.031157579,15.3811644821,23.9631620954,2.18202533563,0.0312271023393
675.020047465,14.8371679364,23.947788342,2.17050668356,0.0312926480174
681.005011066,14.2962654804,23.9317241476,2.15730217756,0.0313624874949
686.985857358,13.7588960853,23.9148200974,2.14227736461,0.0314370121956
692.962356596,13.2255316807,23.8969159279,2.12530340733,0.0315165542364
698.934237636,12.6966748599,23.8778409545,2.10626417658,0.0316013627052
704.901185453,12.1728546119,23.8574151664,2.08506491643,0.0316917104125
710.862839077,11.6546209736,23.8354514016,2.06163221308,0.0317877990007
716.818790041,11.1425388176,23.8117573095,2.03592092232,0.0318897233605
722.768581383,10.6371796351,23.7861379672,2.0079232483,0.0319975072145
728.711707453,10.1391114909,23.7583995036,1.97767427338,0.0321112810373
734.647614746,9.64888941117,23.7283535623,1.94524297448,0.0322310211062
740.575703651,9.16704559138,23.6958204063,1.91074263413,0.0323568578959
746.495331211,8.6940800677,23.6606335415,1.8743167465,0.0324888507128
752.405814782,8.23045282101,23.622642522,1.8361416559,0.0326272011995
758.306436487,7.77657733107,23.5817162623,1.79641235659,0.0327723007798
764.196448322,7.33281814399,23.5377448029,1.75532465315,0.0329245527387
770.075077397,6.89949118194,23.4906389662,1.71307108562,0.0330846094489
775.941531103,6.47686726195,23.4403297122,1.66981940547,0.0332531114221
781.795001756,6.06517842747,23.3867649829,1.62571161213,0.0334309838414
787.634670494,5.66462717703,23.3299065626,1.58084181755,0.0336190214157
793.45971001,5.2753971765,23.2697244076,1.53526648632,0.0338181256056
799.269286053,4.89766348659,23.2061921949,1.48899809346,0.0340289131999
805.062557664,4.53160063274,23.1392822478,1.44202864198,0.0342521077394
810.838676549,4.17738833944,23.0689630723,1.39432484384,0.0344881362319
816.596785708,3.83521471791,22.9951965326,1.34585321509,0.0347373307943
822.33601775,3.50527505523,22.9179378189,1.29659012636,0.0349998574853
828.055493338,3.18776750658,22.8371366312,1.24653646527,0.0352757756114
833.754320146,2.88288576381,22.7527400164,1.19572712209,0.0355651563406
839.43159268,2.59081052403,22.6646961821,1.14423110088,0.0358679522276
845.086393039,2.31169989663,22.5729584902,1.09215985996,0.0361843234003
850.717792811,2.04568070597,22.4774899833,1.0396518737,0.036514613837
856.324855863,1.79284345884,22.3782661174,0.986858809513,0.0368590429723
861.906641638,1.55323813284,22.2752764029,0.933952738772,0.0372183046937
867.462208917,1.32687329284,22.1685258039,0.881092469083,0.037593033582
872.990619486,1.11371896222,22.0580331979,0.828427135945,0.0379839413166
878.490941454,0.913709710006,21.9438300147,0.776090913488,0.0383919115663
883.962252146,0.726749748925,21.8259580475,0.724192270082,0.0388176382184
889.403640337,0.552717655412,21.704466896,0.672827655493,0.0392619515657
894.814208014,0.391470307869,21.5794122646,0.622074121209,0.0397255870104
900.193071634,0.242846731075,21.4508540232,0.5719973993,0.0402091613412
905.539363042,0.106669752162,21.3188553635,0.522661284472,0.0407134218216
910.852230262,-0.017252722398,21.1834823793,0.474121331796,0.0412389081419
916.130838171,-0.129127490088,21.0448039519,0.426439543612,0.0417862904668
921.374369292,-0.229176846135,20.9028923748,0.379677821859,0.0423562982678
926.582024658,-0.317638317856,20.7578234163,0.333896047326,0.0429495542645
931.753024715,-0.39476514419,20.6096767399,0.289159901302,0.0435667997897
936.886610386,-0.460827004211,20.4585365146,0.2455350863,0.0442088710666
941.982044206,-0.516109513174,20.3044913997,0.203083262048,0.0448764975667
947.038611455,-0.560914144308,20.1476347966,0.161869455523,0.04557066378
952.055621357,-0.595557440945,19.9880646566,0.121949077279,0.0462922474444
957.032408143,-0.620369565873,19.8258830782,0.0833755241163,0.0470421618819
961.968332096,-0.635693731017,19.6611963198,0.0461996361387,0.0478214271665
966.862780554,-0.641885031927,19.4941144621,0.0104655080387,0.0486311286092
971.715168786,-0.639308559198,19.3247507144,-0.0237911020876,0.0494722625613
976.524940732,-0.628338117628,19.1532211721,-0.0565363757508,0.0503458728194
981.291569718,-0.609355627434,18.9796448325,-0.0877393492217,0.0512531692386
986.014559133,-0.582749587216,18.8041429814,-0.117378456579,0.0521953498125
990.6934429,-0.54891305878,18.6268384998,-0.145438847184,0.0531734820604
995.32778588,-0.508242995952,18.4478560434,-0.171904377612,0.054188924104
999.91718427,-0.46113905584,18.2673214201,-0.196769636324,0.0552428917289
