0,100,0.19998
0,100,0.19998
1.5044e-15,100,0.19998
2.407e-14,100,0.19998
1.2185e-13,100,0.19998
3.8511e-13,100,0.19998
9.8701e-12,100,0.19998
5.7791e-11,100,0.19998
1.9605e-10,100,0.19998
4.9911e-10,100,0.19998
8.0692e-09,100,0.19998
4.0992e-08,99.999,0.19998
1.2978e-07,99.998,0.19998
3.1717e-07,99.997,0.19998
6.5814e-07,99.996,0.19998
1.2199e-06,99.994,0.19998
2.0818e-06,99.992,0.19998
3.3356e-06,99.99,0.19998
5.0851e-06,99.988,0.19998
7.4464e-06,99.986,0.19998
1.0548e-05,99.983,0.19998
1.453e-05,99.98,0.19998
1.9546e-05,99.977,0.19998
2.5759e-05,99.973,0.19998
3.3349e-05,99.97,0.19998
4.2503e-05,99.966,0.19998
5.3424e-05,99.962,0.19998
6.6326e-05,99.957,0.19998
8.1433e-05,99.953,0.19998
9.8985e-05,99.948,0.19998
0.00011923,99.943,0.19998
0.00014244,99.937,0.19998
0.00016887,99.932,0.19998
0.00019883,99.926,0.19998
0.0002326,99.92,0.19998
0.00027051,99.914,0.19998
0.00031286,99.907,0.19998
0.00036001,99.9,0.19998
0.00041229,99.893,0.19998
0.00047006,99.886,0.19998
0.00053371,99.879,0.19998
0.00060361,99.871,0.19998
0.00068015,99.863,0.19998
0.00076375,99.855,0.19998
0.00085483,99.846,0.19998
0.00095382,99.838,0.19998
0.0010337,99.831,0.19998
0.0011184,99.824,0.19998
0.0012083,99.817,0.19998
0.0013034,99.81,0.19998
0.0013034,99.81,0.2
0.001411,99.803,0.2
0.0015252,99.795,0.2
0.0016461,99.787,0.2
0.001774,99.779,0.2
0.0019439,99.768,0.2
0.0021258,99.758,0.2
0.0023201,99.747,0.2
0.0025275,99.736,0.2
0.0027484,99.724,0.2
0.0029835,99.713,0.2
0.0032333,99.701,0.2
0.0034985,99.689,0.2
0.0037797,99.677,0.2
0.0040775,99.664,0.2
0.0043925,99.652,0.2
0.0047254,99.639,0.2
0.0050769,99.625,0.2
0.0054476,99.612,0.2
0.0058382,99.598,0.2
0.0062495,99.584,0.2
0.006682,99.57,0.2
0.0071366,99.556,0.2
0.007614,99.541,0.2
0.008115,99.526,0.2
0.0086402,99.511,0.2
0.0091904,99.496,0.2
0.0097665,99.481,0.2
0.010369,99.465,0.2
0.010999,99.449,0.2
0.011658,99.432,0.2
0.012345,99.416,0.2
0.013063,99.399,0.2
0.013811,99.382,0.2
0.014591,99.365,0.2
0.015403,99.348,0.2
0.016249,99.33,0.2
0.017129,99.312,0.2
0.018044,99.294,0.2
0.018995,99.276,0.2
0.019983,99.257,0.2
0.020184,99.253,0.2
0.020386,99.25,0.2
0.02059,99.246,0.2
0.020795,99.242,0.2
0.020795,99.242,0.2
0.021356,99.232,0.2
0.021929,99.222,0.2
0.022513,99.211,0.2
0.023109,99.201,0.2
0.024252,99.182,0.2
0.025437,99.162,0.2
0.026665,99.142,0.2
0.027937,99.122,0.2
0.029254,99.101,0.2
0.030616,99.08,0.2
0.032025,99.06,0.2
0.033483,99.038,0.2
0.034989,99.017,0.2
0.036545,98.995,0.2
0.038153,98.974,0.2
0.039812,98.952,0.2
0.041525,98.929,0.2
0.043293,98.907,0.2
0.045116,98.884,0.2
0.046996,98.861,0.2
0.048934,98.838,0.2
0.050931,98.814,0.2
0.052988,98.791,0.2
0.055106,98.767,0.2
0.057288,98.743,0.2
0.059532,98.718,0.2
0.061842,98.694,0.2
0.064218,98.669,0.2
0.066662,98.644,0.2
0.069174,98.619,0.2
0.071757,98.593,0.2
0.07441,98.567,0.2
0.077136,98.541,0.2
0.079936,98.515,0.2
0.08281,98.489,0.2
0.085761,98.462,0.2
0.08879,98.435,0.2
0.091898,98.408,0.2
0.095086,98.381,0.2
0.098355,98.354,0.2
0.099901,98.341,0.2
0.10147,98.328,0.2
0.10305,98.315,0.2
0.10465,98.302,0.2
0.10465,98.302,0.2
0.10676,98.285,0.2
0.1089,98.268,0.2
0.11107,98.251,0.2
0.11327,98.233,0.2
0.11699,98.205,0.2
0.12081,98.176,0.2
0.12471,98.147,0.2
0.12871,98.117,0.2
0.1328,98.088,0.2
0.13699,98.058,0.2
0.14127,98.028,0.2
0.14566,97.998,0.2
0.15014,97.967,0.2
0.15473,97.937,0.2
0.15942,97.906,0.2
0.16421,97.875,0.2
0.16911,97.843,0.2
0.17412,97.812,0.2
0.17923,97.78,0.2
0.18446,97.748,0.2
0.1898,97.716,0.2
0.19525,97.684,0.2
0.20082,97.651,0.2
0.20651,97.618,0.2
0.21231,97.585,0.2
0.21823,97.552,0.2
0.22428,97.519,0.2
0.23045,97.485,0.2
0.23674,97.451,0.2
0.24316,97.417,0.2
0.2497,97.383,0.2
0.25638,97.348,0.2
0.26318,97.314,0.2
0.27012,97.279,0.2
0.27719,97.244,0.2
0.2844,97.208,0.2
0.29175,97.173,0.2
0.29923,97.137,0.2
0.30686,97.101,0.2
0.31462,97.065,0.2
0.31774,97.051,0.2
0.32088,97.037,0.2
0.32405,97.022,0.2
0.32723,97.008,0.2
0.32723,97.008,0.18757
0.33382,96.978,0.18757
0.34051,96.948,0.18757
0.34728,96.918,0.18757
0.35414,96.888,0.18757
0.36274,96.851,0.18757
0.37148,96.814,0.18757
0.38036,96.776,0.18757
0.38939,96.738,0.18757
0.39857,96.7,0.18757
0.4079,96.662,0.18757
0.41739,96.624,0.18757
0.42702,96.585,0.18757
0.43681,96.546,0.18757
0.44676,96.507,0.18757
0.45687,96.468,0.18757
0.46713,96.429,0.18757
0.47756,96.389,0.18757
0.48815,96.349,0.18757
0.49891,96.31,0.18757
0.50983,96.269,0.18757
0.52092,96.229,0.18757
0.53218,96.189,0.18757
0.54362,96.148,0.18757
0.55522,96.107,0.18757
0.567,96.066,0.18757
0.57896,96.025,0.18757
0.59109,95.984,0.18757
0.6034,95.942,0.18757
0.6159,95.901,0.18757
0.62858,95.859,0.18757
0.64144,95.817,0.18757
0.65449,95.775,0.18757
0.66772,95.732,0.18757
0.68115,95.69,0.18757
0.69476,95.647,0.18757
0.70857,95.604,0.18757
0.72258,95.561,0.18757
0.73677,95.518,0.18757
0.75117,95.475,0.18757
0.76577,95.431,0.18757
0.76855,95.423,0.18757
0.77133,95.415,0.18757
0.77413,95.406,0.18757
0.77693,95.398,0.18757
0.77693,95.398,0.14652
0.79186,95.354,0.14652
0.80694,95.31,0.14652
0.82219,95.266,0.14652
0.8376,95.222,0.14652
0.85317,95.177,0.14652
0.86891,95.133,0.14652
0.88481,95.088,0.14652
0.90089,95.043,0.14652
0.91713,94.998,0.14652
0.93354,94.952,0.14652
0.95012,94.907,0.14652
0.96688,94.861,0.14652
0.98381,94.815,0.14652
1.0009,94.769,0.14652
1.0182,94.723,0.14652
1.0357,94.677,0.14652
1.0533,94.63,0.14652
1.0711,94.584,0.14652
1.0891,94.537,0.14652
1.1073,94.49,0.14652
1.1257,94.443,0.14652
1.1442,94.396,0.14652
1.163,94.348,0.14652
1.1819,94.301,0.14652
1.2011,94.253,0.14652
1.2204,94.205,0.14652
1.2399,94.157,0.14652
1.2596,94.109,0.14652
1.2795,94.061,0.14652
1.2996,94.012,0.14652
1.3199,93.964,0.14652
1.3404,93.915,0.14652
1.3611,93.866,0.14652
1.382,93.817,0.14652
1.4032,93.768,0.14652
1.4245,93.719,0.14652
1.446,93.669,0.14652
1.4677,93.62,0.14652
1.4897,93.57,0.14652
1.5118,93.52,0.14652
1.5118,93.52,0.12013
1.5342,93.47,0.12013
1.5567,93.42,0.12013
1.5794,93.37,0.12013
1.6023,93.319,0.12013
1.6253,93.269,0.12013
1.6486,93.218,0.12013
1.672,93.167,0.12013
1.6956,93.116,0.12013
1.7194,93.065,0.12013
1.7433,93.014,0.12013
1.7675,92.962,0.12013
1.7918,92.911,0.12013
1.8163,92.859,0.12013
1.8411,92.807,0.12013
1.866,92.755,0.12013
1.8911,92.703,0.12013
1.9164,92.651,0.12013
1.9418,92.599,0.12013
1.9675,92.546,0.12013
1.9934,92.494,0.12013
2.0195,92.441,0.12013
2.0457,92.388,0.12013
2.0722,92.335,0.12013
2.0989,92.282,0.12013
2.1258,92.229,0.12013
2.1528,92.175,0.12013
2.1801,92.122,0.12013
2.2076,92.068,0.12013
2.2353,92.014,0.12013
2.2632,91.961,0.12013
2.2913,91.907,0.12013
2.3196,91.853,0.12013
2.3482,91.798,0.12013
2.3769,91.744,0.12013
2.4059,91.69,0.12013
2.435,91.635,0.12013
2.4644,91.58,0.12013
2.494,91.526,0.12013
2.5238,91.471,0.12013
2.5539,91.416,0.12013
2.5539,91.416,0.10158
2.5841,91.361,0.10158
2.6145,91.306,0.10158
2.6451,91.25,0.10158
2.6759,91.195,0.10158
2.7069,91.139,0.10158
2.7381,91.084,0.10158
2.7695,91.028,0.10158
2.801,90.972,0.10158
2.8328,90.916,0.10158
2.8647,90.86,0.10158
2.8969,90.804,0.10158
2.9292,90.747,0.10158
2.9618,90.691,0.10158
2.9945,90.634,0.10158
3.0274,90.577,0.10158
3.0606,90.521,0.10158
3.0939,90.464,0.10158
3.1274,90.407,0.10158
3.1612,90.35,0.10158
3.1951,90.292,0.10158
3.2293,90.235,0.10158
3.2636,90.178,0.10158
3.2982,90.12,0.10158
3.333,90.062,0.10158
3.3679,90.005,0.10158
3.4031,89.947,0.10158
3.4385,89.889,0.10158
3.4741,89.831,0.10158
3.51,89.773,0.10158
3.546,89.715,0.10158
3.5822,89.656,0.10158
3.6187,89.598,0.10158
3.6554,89.539,0.10158
3.6923,89.481,0.10158
3.7294,89.422,0.10158
3.7667,89.364,0.10158
3.8043,89.305,0.10158
3.842,89.246,0.10158
3.88,89.187,0.10158
3.9182,89.128,0.10158
3.9182,89.128,0.087725
3.9566,89.069,0.087725
3.9953,89.009,0.087725
4.0341,88.95,0.087725
4.0731,88.891,0.087725
4.1122,88.831,0.087725
4.1516,88.772,0.087725
4.1912,88.712,0.087725
4.231,88.652,0.087725
4.271,88.592,0.087725
4.3112,88.532,0.087725
4.3516,88.472,0.087725
4.3921,88.412,0.087725
4.4329,88.352,0.087725
4.4739,88.291,0.087725
4.5151,88.231,0.087725
4.5565,88.17,0.087725
4.5981,88.11,0.087725
4.6399,88.049,0.087725
4.6819,87.988,0.087725
4.7241,87.928,0.087725
4.7665,87.867,0.087725
4.8092,87.806,0.087725
4.852,87.745,0.087725
4.8951,87.684,0.087725
4.9383,87.622,0.087725
4.9818,87.561,0.087725
5.0255,87.5,0.087725
5.0694,87.438,0.087725
5.1135,87.377,0.087725
5.1578,87.315,0.087725
5.2024,87.254,0.087725
5.2471,87.192,0.087725
5.2921,87.13,0.087725
5.3373,87.069,0.087725
5.3827,87.007,0.087725
5.4283,86.945,0.087725
5.4742,86.883,0.087725
5.5202,86.821,0.087725
5.5665,86.759,0.087725
5.613,86.697,0.087725
5.613,86.697,0.076931
5.6597,86.634,0.076931
5.7066,86.572,0.076931
5.7537,86.51,0.076931
5.801,86.447,0.076931
5.8485,86.385,0.076931
5.8962,86.322,0.076931
5.9441,86.26,0.076931
5.9922,86.197,0.076931
6.0405,86.134,0.076931
6.089,86.071,0.076931
6.1377,86.008,0.076931
6.1866,85.945,0.076931
6.2357,85.882,0.076931
6.2849,85.819,0.076931
6.3344,85.756,0.076931
6.3841,85.693,0.076931
6.4341,85.63,0.076931
6.4842,85.566,0.076931
6.5345,85.503,0.076931
6.585,85.439,0.076931
6.6357,85.376,0.076931
6.6867,85.312,0.076931
6.7378,85.249,0.076931
6.7892,85.185,0.076931
6.8407,85.121,0.076931
6.8925,85.058,0.076931
6.9445,84.994,0.076931
6.9966,84.93,0.076931
7.049,84.866,0.076931
7.1017,84.802,0.076931
7.1545,84.738,0.076931
7.2075,84.674,0.076931
7.2608,84.61,0.076931
7.3142,84.546,0.076931
7.3679,84.482,0.076931
7.4218,84.418,0.076931
7.4759,84.353,0.076931
7.5302,84.289,0.076931
7.5848,84.225,0.076931
7.6395,84.16,0.076931
7.6395,84.16,0.068269
7.6945,84.096,0.068269
7.7496,84.032,0.068269
7.805,83.967,0.068269
7.8605,83.903,0.068269
7.9163,83.838,0.068269
7.9722,83.773,0.068269
8.0283,83.709,0.068269
8.0847,83.644,0.068269
8.1412,83.579,0.068269
8.1979,83.514,0.068269
8.2548,83.45,0.068269
8.3119,83.385,0.068269
8.3692,83.32,0.068269
8.4267,83.255,0.068269
8.4844,83.19,0.068269
8.5423,83.125,0.068269
8.6004,83.06,0.068269
8.6588,82.994,0.068269
8.7173,82.929,0.068269
8.776,82.864,0.068269
8.8349,82.799,0.068269
8.894,82.733,0.068269
8.9533,82.668,0.068269
9.0128,82.603,0.068269
9.0726,82.537,0.068269
9.1325,82.472,0.068269
9.1926,82.407,0.068269
9.253,82.341,0.068269
9.3135,82.276,0.068269
9.3743,82.21,0.068269
9.4352,82.145,0.068269
9.4964,82.079,0.068269
9.5577,82.013,0.068269
9.6193,81.948,0.068269
9.6811,81.882,0.068269
9.7431,81.817,0.068269
9.8053,81.751,0.068269
9.8677,81.685,0.068269
9.9303,81.62,0.068269
9.9932,81.554,0.068269
9.9932,81.554,0.061169
10.056,81.488,0.061169
10.119,81.422,0.061169
10.183,81.357,0.061169
10.246,81.291,0.061169
10.31,81.225,0.061169
10.374,81.159,0.061169
10.438,81.093,0.061169
10.503,81.027,0.061169
10.567,80.961,0.061169
10.632,80.895,0.061169
10.697,80.829,0.061169
10.762,80.763,0.061169
10.827,80.697,0.061169
10.893,80.631,0.061169
10.958,80.565,0.061169
11.024,80.499,0.061169
11.09,80.432,0.061169
11.157,80.366,0.061169
11.223,80.3,0.061169
11.29,80.234,0.061169
11.357,80.168,0.061169
11.424,80.101,0.061169
11.491,80.035,0.061169
11.558,79.969,0.061169
11.626,79.902,0.061169
11.694,79.836,0.061169
11.762,79.77,0.061169
11.83,79.703,0.061169
11.899,79.637,0.061169
11.967,79.571,0.061169
12.036,79.504,0.061169
12.105,79.438,0.061169
12.174,79.372,0.061169
12.244,79.305,0.061169
12.313,79.239,0.061169
12.383,79.173,0.061169
12.453,79.106,0.061169
12.523,79.04,0.061169
12.594,78.973,0.061169
12.664,78.907,0.061169
12.664,78.907,0.055258
12.735,78.841,0.055258
12.806,78.774,0.055258
12.877,78.708,0.055258
12.949,78.641,0.055258
13.02,78.575,0.055258
13.092,78.508,0.055258
13.164,78.442,0.055258
13.236,78.375,0.055258
13.308,78.309,0.055258
13.381,78.242,0.055258
13.453,78.176,0.055258
13.526,78.109,0.055258
13.599,78.043,0.055258
13.672,77.976,0.055258
13.746,77.91,0.055258
13.819,77.843,0.055258
13.893,77.776,0.055258
13.967,77.71,0.055258
14.041,77.643,0.055258
14.115,77.577,0.055258
14.19,77.51,0.055258
14.264,77.443,0.055258
14.339,77.377,0.055258
14.414,77.31,0.055258
14.49,77.244,0.055258
14.565,77.177,0.055258
14.641,77.111,0.055258
14.716,77.044,0.055258
14.792,76.977,0.055258
14.868,76.911,0.055258
14.945,76.844,0.055258
15.021,76.778,0.055258
15.098,76.711,0.055258
15.175,76.645,0.055258
15.252,76.578,0.055258
15.329,76.511,0.055258
15.407,76.445,0.055258
15.484,76.378,0.055258
15.562,76.312,0.055258
15.64,76.246,0.055258
15.64,76.246,0.050281
15.719,76.179,0.050281
15.797,76.113,0.050281
15.876,76.046,0.050281
15.954,75.98,0.050281
16.033,75.913,0.050281
16.112,75.847,0.050281
16.192,75.78,0.050281
16.271,75.714,0.050281
16.351,75.647,0.050281
16.43,75.581,0.050281
16.51,75.514,0.050281
16.59,75.448,0.050281
16.671,75.381,0.050281
16.751,75.315,0.050281
16.832,75.248,0.050281
16.913,75.182,0.050281
16.994,75.115,0.050281
17.075,75.049,0.050281
17.156,74.983,0.050281
17.238,74.916,0.050281
17.319,74.85,0.050281
17.401,74.783,0.050281
17.483,74.717,0.050281
17.566,74.65,0.050281
17.648,74.584,0.050281
17.731,74.518,0.050281
17.813,74.451,0.050281
17.896,74.385,0.050281
17.979,74.319,0.050281
18.063,74.252,0.050281
18.146,74.186,0.050281
18.23,74.12,0.050281
18.314,74.054,0.050281
18.398,73.987,0.050281
18.482,73.921,0.050281
18.566,73.855,0.050281
18.651,73.789,0.050281
18.735,73.723,0.050281
18.82,73.657,0.050281
18.905,73.591,0.050281
18.905,73.591,0.046051
18.99,73.525,0.046051
19.076,73.458,0.046051
19.161,73.392,0.046051
19.247,73.326,0.046051
19.333,73.26,0.046051
19.419,73.194,0.046051
19.505,73.128,0.046051
19.592,73.062,0.046051
19.678,72.996,0.046051
19.765,72.93,0.046051
19.852,72.864,0.046051
19.939,72.798,0.046051
20.026,72.732,0.046051
20.113,72.666,0.046051
20.201,72.6,0.046051
20.288,72.535,0.046051
20.376,72.469,0.046051
20.464,72.403,0.046051
20.552,72.337,0.046051
20.641,72.271,0.046051
20.729,72.205,0.046051
20.818,72.139,0.046051
20.907,72.074,0.046051
20.996,72.008,0.046051
21.085,71.942,0.046051
21.174,71.876,0.046051
21.264,71.811,0.046051
21.353,71.745,0.046051
21.443,71.679,0.046051
21.533,71.614,0.046051
21.623,71.548,0.046051
21.713,71.483,0.046051
21.804,71.417,0.046051
21.895,71.352,0.046051
21.985,71.286,0.046051
22.076,71.221,0.046051
22.167,71.155,0.046051
22.259,71.09,0.046051
22.35,71.025,0.046051
22.442,70.959,0.046051
22.442,70.959,0.042433
22.534,70.894,0.042433
22.626,70.829,0.042433
22.718,70.763,0.042433
22.81,70.698,0.042433
22.902,70.633,0.042433
22.995,70.568,0.042433
23.087,70.502,0.042433
23.18,70.437,0.042433
23.273,70.372,0.042433
23.366,70.307,0.042433
23.46,70.242,0.042433
23.553,70.177,0.042433
23.647,70.112,0.042433
23.741,70.047,0.042433
23.835,69.981,0.042433
23.929,69.916,0.042433
24.023,69.851,0.042433
24.117,69.786,0.042433
24.212,69.722,0.042433
24.306,69.657,0.042433
24.401,69.592,0.042433
24.496,69.527,0.042433
24.591,69.462,0.042433
24.687,69.397,0.042433
24.782,69.332,0.042433
24.878,69.268,0.042433
24.973,69.203,0.042433
25.069,69.138,0.042433
25.165,69.074,0.042433
25.262,69.009,0.042433
25.358,68.944,0.042433
25.454,68.88,0.042433
25.551,68.815,0.042433
25.648,68.751,0.042433
25.745,68.686,0.042433
25.842,68.622,0.042433
25.939,68.558,0.042433
26.037,68.493,0.042433
26.134,68.429,0.042433
26.232,68.365,0.042433
26.232,68.365,0.039319
26.33,68.3,0.039319
26.428,68.236,0.039319
26.526,68.172,0.039319
26.625,68.108,0.039319
26.723,68.044,0.039319
26.822,67.979,0.039319
26.92,67.915,0.039319
27.019,67.851,0.039319
27.118,67.787,0.039319
27.217,67.723,0.039319
27.317,67.659,0.039319
27.416,67.595,0.039319
27.516,67.531,0.039319
27.615,67.467,0.039319
27.715,67.403,0.039319
27.815,67.34,0.039319
27.916,67.276,0.039319
28.016,67.212,0.039319
28.116,67.148,0.039319
28.217,67.084,0.039319
28.318,67.021,0.039319
28.418,66.957,0.039319
28.519,66.893,0.039319
28.621,66.83,0.039319
28.722,66.766,0.039319
28.823,66.702,0.039319
28.925,66.639,0.039319
29.027,66.575,0.039319
29.128,66.512,0.039319
29.23,66.449,0.039319
29.333,66.385,0.039319
29.435,66.322,0.039319
29.537,66.259,0.039319
29.64,66.195,0.039319
29.743,66.132,0.039319
29.845,66.069,0.039319
29.948,66.006,0.039319
30.051,65.943,0.039319
30.155,65.88,0.039319
30.258,65.817,0.039319
30.258,65.817,0.036626
30.362,65.754,0.036626
30.465,65.691,0.036626
30.569,65.628,0.036626
30.673,65.565,0.036626
30.777,65.502,0.036626
30.881,65.439,0.036626
30.986,65.376,0.036626
31.09,65.314,0.036626
31.195,65.251,0.036626
31.3,65.188,0.036626
31.404,65.125,0.036626
31.509,65.063,0.036626
31.615,65,0.036626
31.72,64.938,0.036626
31.825,64.875,0.036626
31.931,64.812,0.036626
32.036,64.75,0.036626
32.142,64.687,0.036626
32.248,64.625,0.036626
32.354,64.563,0.036626
32.46,64.5,0.036626
32.566,64.438,0.036626
32.673,64.376,0.036626
32.779,64.313,0.036626
32.886,64.251,0.036626
32.993,64.189,0.036626
33.1,64.127,0.036626
33.207,64.065,0.036626
33.314,64.003,0.036626
33.422,63.941,0.036626
33.529,63.879,0.036626
33.637,63.817,0.036626
33.744,63.755,0.036626
33.852,63.693,0.036626
33.96,63.631,0.036626
34.068,63.569,0.036626
34.177,63.508,0.036626
34.285,63.446,0.036626
34.393,63.384,0.036626
34.502,63.323,0.036626
34.502,63.323,0.034288
34.611,63.261,0.034288
34.72,63.2,0.034288
34.829,63.138,0.034288
34.938,63.077,0.034288
35.047,63.015,0.034288
35.156,62.954,0.034288
35.266,62.892,0.034288
35.376,62.831,0.034288
35.485,62.77,0.034288
35.595,62.708,0.034288
35.705,62.647,0.034288
35.815,62.586,0.034288
35.925,62.525,0.034288
36.036,62.464,0.034288
36.146,62.402,0.034288
36.257,62.341,0.034288
36.368,62.28,0.034288
36.478,62.219,0.034288
36.589,62.158,0.034288
36.7,62.097,0.034288
36.812,62.037,0.034288
36.923,61.976,0.034288
37.034,61.915,0.034288
37.146,61.854,0.034288
37.257,61.793,0.034288
37.369,61.733,0.034288
37.481,61.672,0.034288
37.593,61.611,0.034288
37.705,61.551,0.034288
37.818,61.49,0.034288
37.93,61.43,0.034288
38.042,61.369,0.034288
38.155,61.309,0.034288
38.268,61.249,0.034288
38.381,61.188,0.034288
38.494,61.128,0.034288
38.607,61.068,0.034288
38.72,61.007,0.034288
38.833,60.947,0.034288
38.947,60.887,0.034288
38.947,60.887,0.032251
39.06,60.827,0.032251
39.174,60.767,0.032251
39.288,60.707,0.032251
39.402,60.647,0.032251
39.516,60.587,0.032251
39.63,60.527,0.032251
39.744,60.468,0.032251
39.858,60.408,0.032251
39.973,60.348,0.032251
40.087,60.288,0.032251
40.202,60.228,0.032251
40.317,60.169,0.032251
40.432,60.109,0.032251
40.547,60.049,0.032251
40.662,59.99,0.032251
40.777,59.93,0.032251
40.892,59.871,0.032251
41.008,59.811,0.032251
41.123,59.752,0.032251
41.239,59.693,0.032251
41.355,59.633,0.032251
41.471,59.574,0.032251
41.587,59.515,0.032251
41.703,59.455,0.032251
41.819,59.396,0.032251
41.935,59.337,0.032251
42.052,59.278,0.032251
42.168,59.219,0.032251
42.285,59.16,0.032251
42.402,59.101,0.032251
42.519,59.042,0.032251
42.636,58.983,0.032251
42.753,58.924,0.032251
42.87,58.865,0.032251
42.987,58.807,0.032251
43.105,58.748,0.032251
43.222,58.689,0.032251
43.34,58.631,0.032251
43.458,58.572,0.032251
43.576,58.514,0.032251
43.576,58.514,0.03047
43.694,58.455,0.03047
43.812,58.397,0.03047
43.93,58.338,0.03047
44.048,58.28,0.03047
44.167,58.221,0.03047
44.285,58.163,0.03047
44.404,58.105,0.03047
44.522,58.047,0.03047
44.641,57.988,0.03047
44.76,57.93,0.03047
44.879,57.872,0.03047
44.998,57.814,0.03047
45.117,57.756,0.03047
45.237,57.698,0.03047
45.356,57.64,0.03047
45.475,57.582,0.03047
45.595,57.524,0.03047
45.715,57.466,0.03047
45.835,57.408,0.03047
45.954,57.35,0.03047
46.074,57.292,0.03047
46.195,57.235,0.03047
46.315,57.177,0.03047
46.435,57.119,0.03047
46.555,57.062,0.03047
46.676,57.004,0.03047
46.797,56.947,0.03047
46.917,56.889,0.03047
47.038,56.832,0.03047
47.159,56.774,0.03047
47.28,56.717,0.03047
47.401,56.66,0.03047
47.522,56.602,0.03047
47.644,56.545,0.03047
47.765,56.488,0.03047
47.887,56.431,0.03047
48.008,56.374,0.03047
48.13,56.317,0.03047
48.252,56.26,0.03047
48.374,56.203,0.03047
48.374,56.203,0.028909
48.496,56.146,0.028909
48.618,56.089,0.028909
48.74,56.032,0.028909
48.862,55.975,0.028909
48.985,55.919,0.028909
49.107,55.862,0.028909
49.23,55.805,0.028909
49.352,55.749,0.028909
49.475,55.692,0.028909
49.598,55.635,0.028909
49.721,55.579,0.028909
49.844,55.522,0.028909
49.967,55.466,0.028909
50.09,55.409,0.028909
50.214,55.353,0.028909
50.337,55.296,0.028909
50.461,55.24,0.028909
50.584,55.184,0.028909
50.708,55.128,0.028909
50.832,55.071,0.028909
50.955,55.015,0.028909
51.079,54.959,0.028909
51.203,54.903,0.028909
51.328,54.847,0.028909
51.452,54.791,0.028909
51.576,54.735,0.028909
51.701,54.679,0.028909
51.825,54.623,0.028909
51.95,54.567,0.028909
52.074,54.511,0.028909
52.199,54.456,0.028909
52.324,54.4,0.028909
52.449,54.344,0.028909
52.574,54.288,0.028909
52.699,54.233,0.028909
52.825,54.177,0.028909
52.95,54.122,0.028909
53.075,54.066,0.028909
53.201,54.011,0.028909
53.326,53.956,0.028909
53.326,53.956,0.027536
53.452,53.9,0.027536
53.578,53.845,0.027536
53.704,53.79,0.027536
53.83,53.734,0.027536
53.956,53.679,0.027536
54.082,53.624,0.027536
54.208,53.569,0.027536
54.335,53.514,0.027536
54.461,53.459,0.027536
54.587,53.404,0.027536
54.714,53.349,0.027536
54.841,53.294,0.027536
54.967,53.239,0.027536
55.094,53.184,0.027536
55.221,53.129,0.027536
55.348,53.074,0.027536
55.475,53.02,0.027536
55.602,52.965,0.027536
55.729,52.91,0.027536
55.857,52.856,0.027536
55.984,52.801,0.027536
56.112,52.746,0.027536
56.239,52.692,0.027536
56.367,52.637,0.027536
56.495,52.583,0.027536
56.622,52.528,0.027536
56.75,52.474,0.027536
56.878,52.42,0.027536
57.006,52.366,0.027536
57.135,52.311,0.027536
57.263,52.257,0.027536
57.391,52.203,0.027536
57.52,52.149,0.027536
57.648,52.095,0.027536
57.777,52.041,0.027536
57.905,51.987,0.027536
58.034,51.933,0.027536
58.163,51.879,0.027536
58.292,51.825,0.027536
58.421,51.771,0.027536
58.421,51.771,0.026327
58.55,51.717,0.026327
58.679,51.664,0.026327
58.808,51.61,0.026327
58.938,51.556,0.026327
59.067,51.503,0.026327
59.196,51.449,0.026327
59.326,51.395,0.026327
59.456,51.342,0.026327
59.585,51.288,0.026327
59.715,51.235,0.026327
59.845,51.181,0.026327
59.975,51.128,0.026327
60.105,51.075,0.026327
60.235,51.021,0.026327
60.365,50.968,0.026327
60.495,50.915,0.026327
60.626,50.862,0.026327
60.756,50.808,0.026327
60.887,50.755,0.026327
61.017,50.702,0.026327
61.148,50.649,0.026327
61.278,50.596,0.026327
61.409,50.543,0.026327
61.54,50.49,0.026327
61.671,50.437,0.026327
61.802,50.384,0.026327
61.933,50.331,0.026327
62.064,50.279,0.026327
62.196,50.226,0.026327
62.327,50.173,0.026327
62.458,50.12,0.026327
62.59,50.068,0.026327
62.721,50.015,0.026327
62.853,49.963,0.026327
62.985,49.91,0.026327
63.116,49.858,0.026327
63.248,49.805,0.026327
63.38,49.753,0.026327
63.512,49.701,0.026327
63.644,49.648,0.026327
63.644,49.648,0.025259
63.777,49.596,0.025259
63.909,49.544,0.025259
64.041,49.492,0.025259
64.173,49.439,0.025259
64.306,49.387,0.025259
64.438,49.335,0.025259
64.571,49.283,0.025259
64.704,49.231,0.025259
64.836,49.179,0.025259
64.969,49.127,0.025259
65.102,49.075,0.025259
65.235,49.023,0.025259
65.368,48.971,0.025259
65.501,48.92,0.025259
65.634,48.868,0.025259
65.767,48.816,0.025259
65.901,48.764,0.025259
66.034,48.713,0.025259
66.168,48.661,0.025259
66.301,48.609,0.025259
66.435,48.558,0.025259
66.568,48.506,0.025259
66.702,48.455,0.025259
66.836,48.403,0.025259
66.97,48.352,0.025259
67.104,48.301,0.025259
67.238,48.249,0.025259
67.372,48.198,0.025259
67.506,48.147,0.025259
67.64,48.095,0.025259
67.774,48.044,0.025259
67.909,47.993,0.025259
68.043,47.942,0.025259
68.178,47.891,0.025259
68.312,47.84,0.025259
68.447,47.789,0.025259
68.581,47.738,0.025259
68.716,47.687,0.025259
68.851,47.636,0.025259
68.986,47.585,0.025259
68.986,47.585,0.024314
69.121,47.535,0.024314
69.256,47.484,0.024314
69.391,47.433,0.024314
69.526,47.382,0.024314
69.661,47.332,0.024314
69.797,47.281,0.024314
69.932,47.23,0.024314
70.068,47.18,0.024314
70.203,47.129,0.024314
70.339,47.079,0.024314
70.474,47.028,0.024314
70.61,46.978,0.024314
70.746,46.928,0.024314
70.881,46.877,0.024314
71.017,46.827,0.024314
71.153,46.777,0.024314
71.289,46.726,0.024314
71.425,46.676,0.024314
71.562,46.626,0.024314
71.698,46.576,0.024314
71.834,46.526,0.024314
71.97,46.476,0.024314
72.107,46.425,0.024314
72.243,46.375,0.024314
72.38,46.326,0.024314
72.516,46.276,0.024314
72.653,46.226,0.024314
72.79,46.176,0.024314
72.926,46.126,0.024314
73.063,46.076,0.024314
73.2,46.026,0.024314
73.337,45.977,0.024314
73.474,45.927,0.024314
73.611,45.877,0.024314
73.749,45.828,0.024314
73.886,45.778,0.024314
74.023,45.729,0.024314
74.16,45.679,0.024314
74.298,45.63,0.024314
74.435,45.58,0.024314
74.435,45.58,0.023477
74.573,45.531,0.023477
74.71,45.482,0.023477
74.848,45.432,0.023477
74.986,45.383,0.023477
75.124,45.334,0.023477
75.261,45.285,0.023477
75.399,45.235,0.023477
75.537,45.186,0.023477
75.675,45.137,0.023477
75.813,45.088,0.023477
75.951,45.039,0.023477
76.09,44.99,0.023477
76.228,44.941,0.023477
76.366,44.892,0.023477
76.505,44.843,0.023477
76.643,44.794,0.023477
76.782,44.745,0.023477
76.92,44.696,0.023477
77.059,44.648,0.023477
77.197,44.599,0.023477
77.336,44.55,0.023477
77.475,44.501,0.023477
77.614,44.453,0.023477
77.753,44.404,0.023477
77.892,44.356,0.023477
78.031,44.307,0.023477
78.17,44.259,0.023477
78.309,44.21,0.023477
78.448,44.162,0.023477
78.587,44.113,0.023477
78.726,44.065,0.023477
78.866,44.016,0.023477
79.005,43.968,0.023477
79.145,43.92,0.023477
79.284,43.872,0.023477
79.424,43.824,0.023477
79.564,43.775,0.023477
79.703,43.727,0.023477
79.843,43.679,0.023477
79.983,43.631,0.023477
79.983,43.631,0.022735
80.123,43.583,0.022735
80.263,43.535,0.022735
80.403,43.487,0.022735
80.543,43.439,0.022735
80.683,43.391,0.022735
80.823,43.343,0.022735
80.963,43.296,0.022735
81.103,43.248,0.022735
81.244,43.2,0.022735
81.384,43.152,0.022735
81.525,43.105,0.022735
81.665,43.057,0.022735
81.806,43.009,0.022735
81.946,42.962,0.022735
82.087,42.914,0.022735
82.227,42.867,0.022735
82.368,42.819,0.022735
82.509,42.772,0.022735
82.65,42.724,0.022735
82.791,42.677,0.022735
82.932,42.629,0.022735
83.073,42.582,0.022735
83.214,42.535,0.022735
83.355,42.487,0.022735
83.496,42.44,0.022735
83.637,42.393,0.022735
83.779,42.346,0.022735
83.92,42.298,0.022735
84.061,42.251,0.022735
84.203,42.204,0.022735
84.344,42.157,0.022735
84.486,42.11,0.022735
84.627,42.063,0.022735
84.769,42.016,0.022735
84.911,41.969,0.022735
85.052,41.922,0.022735
85.194,41.876,0.022735
85.336,41.829,0.022735
85.478,41.782,0.022735
85.62,41.735,0.022735
85.62,41.735,0.022076
85.762,41.689,0.022076
85.904,41.642,0.022076
86.046,41.595,0.022076
86.188,41.549,0.022076
86.331,41.502,0.022076
86.473,41.456,0.022076
86.615,41.409,0.022076
86.758,41.362,0.022076
86.9,41.316,0.022076
87.042,41.27,0.022076
87.185,41.223,0.022076
87.327,41.177,0.022076
87.47,41.13,0.022076
87.613,41.084,0.022076
87.755,41.038,0.022076
87.898,40.992,0.022076
88.041,40.945,0.022076
88.184,40.899,0.022076
88.327,40.853,0.022076
88.47,40.807,0.022076
88.613,40.761,0.022076
88.756,40.715,0.022076
88.899,40.669,0.022076
89.042,40.623,0.022076
89.185,40.577,0.022076
89.328,40.531,0.022076
89.472,40.485,0.022076
89.615,40.439,0.022076
89.758,40.393,0.022076
89.902,40.347,0.022076
90.045,40.301,0.022076
90.189,40.256,0.022076
90.332,40.21,0.022076
90.476,40.164,0.022076
90.62,40.118,0.022076
90.763,40.073,0.022076
90.907,40.027,0.022076
91.051,39.982,0.022076
91.195,39.936,0.022076
91.339,39.891,0.022076
91.339,39.891,0.02149
91.483,39.845,0.02149
91.627,39.8,0.02149
91.771,39.754,0.02149
91.915,39.709,0.02149
92.059,39.664,0.02149
92.203,39.618,0.02149
92.348,39.573,0.02149
92.492,39.528,0.02149
92.636,39.483,0.02149
92.781,39.437,0.02149
92.925,39.392,0.02149
93.069,39.347,0.02149
93.214,39.302,0.02149
93.358,39.257,0.02149
93.503,39.212,0.02149
93.648,39.167,0.02149
93.792,39.122,0.02149
93.937,39.077,0.02149
94.082,39.032,0.02149
94.227,38.987,0.02149
94.371,38.942,0.02149
94.516,38.897,0.02149
94.661,38.852,0.02149
94.806,38.807,0.02149
94.951,38.763,0.02149
95.096,38.718,0.02149
95.242,38.673,0.02149
95.387,38.629,0.02149
95.532,38.584,0.02149
95.677,38.539,0.02149
95.823,38.495,0.02149
95.968,38.45,0.02149
96.113,38.406,0.02149
96.259,38.361,0.02149
96.404,38.317,0.02149
96.55,38.272,0.02149
96.695,38.228,0.02149
96.841,38.184,0.02149
96.986,38.139,0.02149
97.132,38.095,0.02149
97.132,38.095,0.02097
97.278,38.051,0.02097
97.424,38.006,0.02097
97.569,37.962,0.02097
97.715,37.918,0.02097
97.861,37.874,0.02097
98.007,37.83,0.02097
98.153,37.786,0.02097
98.299,37.742,0.02097
98.445,37.697,0.02097
98.591,37.653,0.02097
98.738,37.609,0.02097
98.884,37.565,0.02097
99.03,37.522,0.02097
99.176,37.478,0.02097
99.322,37.434,0.02097
99.469,37.39,0.02097
99.615,37.346,0.02097
99.762,37.302,0.02097
99.908,37.258,0.02097
100.05,37.215,0.02097
100.2,37.171,0.02097
100.35,37.127,0.02097
100.49,37.084,0.02097
100.64,37.04,0.02097
100.79,36.996,0.02097
100.93,36.953,0.02097
101.08,36.909,0.02097
101.23,36.866,0.02097
101.38,36.822,0.02097
101.52,36.779,0.02097
101.67,36.735,0.02097
101.82,36.692,0.02097
101.96,36.649,0.02097
102.11,36.605,0.02097
102.26,36.562,0.02097
102.4,36.519,0.02097
102.55,36.475,0.02097
102.7,36.432,0.02097
102.85,36.389,0.02097
102.99,36.346,0.02097
102.99,36.346,0.020508
103.14,36.303,0.020508
103.29,36.26,0.020508
103.44,36.217,0.020508
103.58,36.173,0.020508
103.73,36.13,0.020508
103.88,36.087,0.020508
104.03,36.044,0.020508
104.17,36.002,0.020508
104.32,35.959,0.020508
104.47,35.916,0.020508
104.62,35.873,0.020508
104.76,35.83,0.020508
104.91,35.787,0.020508
105.06,35.744,0.020508
105.21,35.702,0.020508
105.36,35.659,0.020508
105.5,35.616,0.020508
105.65,35.573,0.020508
105.8,35.531,0.020508
105.95,35.488,0.020508
106.1,35.446,0.020508
106.24,35.403,0.020508
106.39,35.36,0.020508
106.54,35.318,0.020508
106.69,35.275,0.020508
106.84,35.233,0.020508
106.98,35.19,0.020508
107.13,35.148,0.020508
107.28,35.106,0.020508
107.43,35.063,0.020508
107.58,35.021,0.020508
107.73,34.979,0.020508
107.88,34.936,0.020508
108.02,34.894,0.020508
108.17,34.852,0.020508
108.32,34.81,0.020508
108.47,34.768,0.020508
108.62,34.725,0.020508
108.77,34.683,0.020508
108.92,34.641,0.020508
108.92,34.641,0.020098
109.06,34.599,0.020098
109.21,34.557,0.020098
109.36,34.515,0.020098
109.51,34.473,0.020098
109.66,34.431,0.020098
109.81,34.389,0.020098
109.96,34.348,0.020098
110.11,34.306,0.020098
110.26,34.264,0.020098
110.41,34.222,0.020098
110.56,34.18,0.020098
110.7,34.138,0.020098
110.85,34.097,0.020098
111,34.055,0.020098
111.15,34.013,0.020098
111.3,33.972,0.020098
111.45,33.93,0.020098
111.6,33.888,0.020098
111.75,33.847,0.020098
111.9,33.805,0.020098
112.05,33.764,0.020098
112.2,33.722,0.020098
112.35,33.681,0.020098
112.5,33.639,0.020098
112.65,33.598,0.020098
112.8,33.556,0.020098
112.95,33.515,0.020098
113.1,33.474,0.020098
113.25,33.432,0.020098
113.4,33.391,0.020098
113.55,33.35,0.020098
113.7,33.308,0.020098
113.85,33.267,0.020098
113.99,33.226,0.020098
114.14,33.185,0.020098
114.29,33.144,0.020098
114.44,33.103,0.020098
114.6,33.061,0.020098
114.75,33.02,0.020098
114.9,32.979,0.020098
114.9,32.979,0.019735
115.05,32.938,0.019735
115.2,32.897,0.019735
115.35,32.856,0.019735
115.5,32.816,0.019735
115.65,32.775,0.019735
115.8,32.734,0.019735
115.95,32.693,0.019735
116.1,32.652,0.019735
116.25,32.611,0.019735
116.4,32.57,0.019735
116.55,32.53,0.019735
116.7,32.489,0.019735
116.85,32.448,0.019735
117,32.407,0.019735
117.15,32.367,0.019735
117.3,32.326,0.019735
117.45,32.286,0.019735
117.6,32.245,0.019735
117.75,32.204,0.019735
117.9,32.164,0.019735
118.05,32.123,0.019735
118.21,32.083,0.019735
118.36,32.042,0.019735
118.51,32.002,0.019735
118.66,31.961,0.019735
118.81,31.921,0.019735
118.96,31.881,0.019735
119.11,31.84,0.019735
119.26,31.8,0.019735
119.41,31.76,0.019735
119.56,31.719,0.019735
119.72,31.679,0.019735
119.87,31.639,0.019735
120.02,31.599,0.019735
120.17,31.559,0.019735
120.32,31.519,0.019735
120.47,31.478,0.019735
120.62,31.438,0.019735
120.77,31.398,0.019735
120.93,31.358,0.019735
120.93,31.358,0.019415
121.08,31.318,0.019415
121.23,31.278,0.019415
121.38,31.238,0.019415
121.53,31.198,0.019415
121.68,31.158,0.019415
121.83,31.119,0.019415
121.99,31.079,0.019415
122.14,31.039,0.019415
122.29,30.999,0.019415
122.44,30.959,0.019415
122.59,30.919,0.019415
122.74,30.88,0.019415
122.9,30.84,0.019415
123.05,30.8,0.019415
123.2,30.761,0.019415
123.35,30.721,0.019415
123.5,30.681,0.019415
123.65,30.642,0.019415
123.81,30.602,0.019415
123.96,30.562,0.019415
124.11,30.523,0.019415
124.26,30.483,0.019415
124.41,30.444,0.019415
124.57,30.404,0.019415
124.72,30.365,0.019415
124.87,30.326,0.019415
125.02,30.286,0.019415
125.17,30.247,0.019415
125.33,30.207,0.019415
125.48,30.168,0.019415
125.63,30.129,0.019415
125.78,30.089,0.019415
125.94,30.05,0.019415
126.09,30.011,0.019415
126.24,29.972,0.019415
126.39,29.933,0.019415
126.54,29.893,0.019415
126.7,29.854,0.019415
126.85,29.815,0.019415
127,29.776,0.019415
127,29.776,0.019133
127.15,29.737,0.019133
127.31,29.698,0.019133
127.46,29.659,0.019133
127.61,29.62,0.019133
127.76,29.581,0.019133
127.92,29.542,0.019133
128.07,29.503,0.019133
128.22,29.464,0.019133
128.38,29.426,0.019133
128.53,29.387,0.019133
128.68,29.348,0.019133
128.83,29.309,0.019133
128.99,29.27,0.019133
129.14,29.231,0.019133
129.29,29.193,0.019133
129.44,29.154,0.019133
129.6,29.115,0.019133
129.75,29.077,0.019133
129.9,29.038,0.019133
130.06,28.999,0.019133
130.21,28.961,0.019133
130.36,28.922,0.019133
130.52,28.884,0.019133
130.67,28.845,0.019133
130.82,28.807,0.019133
130.97,28.768,0.019133
131.13,28.73,0.019133
131.28,28.691,0.019133
131.43,28.653,0.019133
131.59,28.614,0.019133
131.74,28.576,0.019133
131.89,28.538,0.019133
132.05,28.499,0.019133
132.2,28.461,0.019133
132.35,28.423,0.019133
132.51,28.385,0.019133
132.66,28.346,0.019133
132.81,28.308,0.019133
132.97,28.27,0.019133
133.12,28.232,0.019133
133.12,28.232,0.018887
133.27,28.194,0.018887
133.43,28.156,0.018887
133.58,28.117,0.018887
133.73,28.079,0.018887
133.89,28.041,0.018887
134.04,28.003,0.018887
134.2,27.965,0.018887
134.35,27.927,0.018887
134.5,27.889,0.018887
134.66,27.851,0.018887
134.81,27.813,0.018887
134.96,27.776,0.018887
135.12,27.738,0.018887
135.27,27.7,0.018887
135.42,27.662,0.018887
135.58,27.624,0.018887
135.73,27.586,0.018887
135.89,27.549,0.018887
136.04,27.511,0.018887
136.19,27.473,0.018887
136.35,27.436,0.018887
136.5,27.398,0.018887
136.66,27.36,0.018887
136.81,27.323,0.018887
136.96,27.285,0.018887
137.12,27.247,0.018887
137.27,27.21,0.018887
137.43,27.172,0.018887
137.58,27.135,0.018887
137.73,27.097,0.018887
137.89,27.06,0.018887
138.04,27.022,0.018887
138.2,26.985,0.018887
138.35,26.948,0.018887
138.51,26.91,0.018887
138.66,26.873,0.018887
138.81,26.835,0.018887
138.97,26.798,0.018887
139.12,26.761,0.018887
139.28,26.724,0.018887
139.28,26.724,0.018673
139.43,26.686,0.018673
139.59,26.649,0.018673
139.74,26.612,0.018673
139.89,26.575,0.018673
140.05,26.538,0.018673
140.2,26.5,0.018673
140.36,26.463,0.018673
140.51,26.426,0.018673
140.67,26.389,0.018673
140.82,26.352,0.018673
140.98,26.315,0.018673
141.13,26.278,0.018673
141.29,26.241,0.018673
141.44,26.204,0.018673
141.59,26.167,0.018673
141.75,26.13,0.018673
141.9,26.093,0.018673
142.06,26.056,0.018673
142.21,26.02,0.018673
142.37,25.983,0.018673
142.52,25.946,0.018673
142.68,25.909,0.018673
142.83,25.872,0.018673
142.99,25.836,0.018673
143.14,25.799,0.018673
143.3,25.762,0.018673
143.45,25.726,0.018673
143.61,25.689,0.018673
143.76,25.652,0.018673
143.92,25.616,0.018673
144.07,25.579,0.018673
144.23,25.542,0.018673
144.38,25.506,0.018673
144.54,25.469,0.018673
144.69,25.433,0.018673
144.85,25.396,0.018673
145,25.36,0.018673
145.16,25.323,0.018673
145.31,25.287,0.018673
145.47,25.251,0.018673
145.47,25.251,0.01849
145.62,25.214,0.01849
145.78,25.178,0.01849
145.93,25.142,0.01849
146.09,25.105,0.01849
146.24,25.069,0.01849
146.4,25.033,0.01849
146.55,24.996,0.01849
146.71,24.96,0.01849
146.87,24.924,0.01849
147.02,24.888,0.01849
147.18,24.852,0.01849
147.33,24.815,0.01849
147.49,24.779,0.01849
147.64,24.743,0.01849
147.8,24.707,0.01849
147.95,24.671,0.01849
148.11,24.635,0.01849
148.26,24.599,0.01849
148.42,24.563,0.01849
148.58,24.527,0.01849
148.73,24.491,0.01849
148.89,24.455,0.01849
149.04,24.419,0.01849
149.2,24.383,0.01849
149.35,24.347,0.01849
149.51,24.312,0.01849
149.66,24.276,0.01849
149.82,24.24,0.01849
149.98,24.204,0.01849
150.13,24.168,0.01849
150.29,24.133,0.01849
150.44,24.097,0.01849
150.6,24.061,0.01849
150.75,24.025,0.01849
150.91,23.99,0.01849
151.07,23.954,0.01849
151.22,23.919,0.01849
151.38,23.883,0.01849
151.53,23.847,0.01849
151.69,23.812,0.01849
151.69,23.812,0.018334
151.85,23.776,0.018334
152,23.741,0.018334
152.16,23.705,0.018334
152.31,23.67,0.018334
152.47,23.634,0.018334
152.63,23.599,0.018334
152.78,23.564,0.018334
152.94,23.528,0.018334
153.09,23.493,0.018334
153.25,23.457,0.018334
153.41,23.422,0.018334
153.56,23.387,0.018334
153.72,23.351,0.018334
153.87,23.316,0.018334
154.03,23.281,0.018334
154.19,23.246,0.018334
154.34,23.211,0.018334
154.5,23.175,0.018334
154.66,23.14,0.018334
154.81,23.105,0.018334
154.97,23.07,0.018334
155.12,23.035,0.018334
155.28,23,0.018334
155.44,22.965,0.018334
155.59,22.93,0.018334
155.75,22.895,0.018334
155.91,22.86,0.018334
156.06,22.825,0.018334
156.22,22.79,0.018334
156.37,22.755,0.018334
156.53,22.72,0.018334
156.69,22.685,0.018334
156.84,22.65,0.018334
157,22.615,0.018334
157.16,22.58,0.018334
157.31,22.546,0.018334
157.47,22.511,0.018334
157.63,22.476,0.018334
157.78,22.441,0.018334
157.94,22.406,0.018334
157.94,22.406,0.018205
158.1,22.372,0.018205
158.25,22.337,0.018205
158.41,22.302,0.018205
158.57,22.268,0.018205
158.72,22.233,0.018205
158.88,22.199,0.018205
159.04,22.164,0.018205
159.19,22.129,0.018205
159.35,22.095,0.018205
159.51,22.06,0.018205
159.66,22.026,0.018205
159.82,21.991,0.018205
159.98,21.957,0.018205
160.13,21.922,0.018205
160.29,21.888,0.018205
160.45,21.854,0.018205
160.6,21.819,0.018205
160.76,21.785,0.018205
160.92,21.751,0.018205
161.07,21.716,0.018205
161.23,21.682,0.018205
161.39,21.648,0.018205
161.54,21.613,0.018205
161.7,21.579,0.018205
161.86,21.545,0.018205
162.02,21.511,0.018205
162.17,21.476,0.018205
162.33,21.442,0.018205
162.49,21.408,0.018205
162.64,21.374,0.018205
162.8,21.34,0.018205
162.96,21.306,0.018205
163.11,21.272,0.018205
163.27,21.238,0.018205
163.43,21.204,0.018205
163.59,21.17,0.018205
163.74,21.136,0.018205
163.9,21.102,0.018205
164.06,21.068,0.018205
164.21,21.034,0.018205
164.21,21.034,0.018101
164.37,21,0.018101
164.53,20.966,0.018101
164.69,20.932,0.018101
164.84,20.899,0.018101
165,20.865,0.018101
165.16,20.831,0.018101
165.31,20.797,0.018101
165.47,20.763,0.018101
165.63,20.73,0.018101
165.79,20.696,0.018101
165.94,20.662,0.018101
166.1,20.629,0.018101
166.26,20.595,0.018101
166.42,20.561,0.018101
166.57,20.528,0.018101
166.73,20.494,0.018101
166.89,20.461,0.018101
167.04,20.427,0.018101
167.2,20.393,0.018101
167.36,20.36,0.018101
167.52,20.326,0.018101
167.67,20.293,0.018101
167.83,20.26,0.018101
167.99,20.226,0.018101
168.15,20.193,0.018101
168.3,20.159,0.018101
168.46,20.126,0.018101
168.62,20.093,0.018101
168.78,20.059,0.018101
168.93,20.026,0.018101
169.09,19.993,0.018101
169.25,19.959,0.018101
169.41,19.926,0.018101
169.56,19.893,0.018101
169.72,19.86,0.018101
169.88,19.827,0.018101
170.04,19.793,0.018101
170.2,19.76,0.018101
170.35,19.727,0.018101
170.51,19.694,0.018101
170.51,19.694,0.018021
170.67,19.661,0.018021
170.83,19.628,0.018021
170.98,19.595,0.018021
171.14,19.562,0.018021
171.3,19.529,0.018021
171.46,19.496,0.018021
171.61,19.463,0.018021
171.77,19.43,0.018021
171.93,19.397,0.018021
172.09,19.364,0.018021
172.25,19.331,0.018021
172.4,19.298,0.018021
172.56,19.265,0.018021
172.72,19.233,0.018021
172.88,19.2,0.018021
173.03,19.167,0.018021
173.19,19.134,0.018021
173.35,19.102,0.018021
173.51,19.069,0.018021
173.67,19.036,0.018021
173.82,19.003,0.018021
173.98,18.971,0.018021
174.14,18.938,0.018021
174.3,18.906,0.018021
174.46,18.873,0.018021
174.61,18.84,0.018021
174.77,18.808,0.018021
174.93,18.775,0.018021
175.09,18.743,0.018021
175.25,18.71,0.018021
175.4,18.678,0.018021
175.56,18.645,0.018021
175.72,18.613,0.018021
175.88,18.58,0.018021
176.04,18.548,0.018021
176.19,18.516,0.018021
176.35,18.483,0.018021
176.51,18.451,0.018021
176.67,18.419,0.018021
176.83,18.386,0.018021
176.83,18.386,0.017964
176.98,18.354,0.017964
177.14,18.322,0.017964
177.3,18.29,0.017964
177.46,18.257,0.017964
177.62,18.225,0.017964
177.78,18.193,0.017964
177.93,18.161,0.017964
178.09,18.129,0.017964
178.25,18.097,0.017964
178.41,18.064,0.017964
178.57,18.032,0.017964
178.72,18,0.017964
178.88,17.968,0.017964
179.04,17.936,0.017964
179.2,17.904,0.017964
179.36,17.872,0.017964
179.52,17.84,0.017964
179.67,17.808,0.017964
179.83,17.776,0.017964
179.99,17.745,0.017964
180.15,17.713,0.017964
180.31,17.681,0.017964
180.47,17.649,0.017964
180.62,17.617,0.017964
180.78,17.585,0.017964
180.94,17.554,0.017964
181.1,17.522,0.017964
181.26,17.49,0.017964
181.42,17.458,0.017964
181.57,17.427,0.017964
181.73,17.395,0.017964
181.89,17.363,0.017964
182.05,17.332,0.017964
182.21,17.3,0.017964
182.37,17.269,0.017964
182.53,17.237,0.017964
182.68,17.205,0.017964
182.84,17.174,0.017964
183,17.142,0.017964
183.16,17.111,0.017964
183.16,17.111,0.01793
183.32,17.079,0.01793
183.48,17.048,0.01793
183.63,17.017,0.01793
183.79,16.985,0.01793
183.95,16.954,0.01793
184.11,16.922,0.01793
184.27,16.891,0.01793
184.43,16.86,0.01793
184.59,16.828,0.01793
184.74,16.797,0.01793
184.9,16.766,0.01793
185.06,16.735,0.01793
185.22,16.703,0.01793
185.38,16.672,0.01793
185.54,16.641,0.01793
185.7,16.61,0.01793
185.85,16.579,0.01793
186.01,16.548,0.01793
186.17,16.516,0.01793
186.33,16.485,0.01793
186.49,16.454,0.01793
186.65,16.423,0.01793
186.81,16.392,0.01793
186.97,16.361,0.01793
187.12,16.33,0.01793
187.28,16.299,0.01793
187.44,16.268,0.01793
187.6,16.237,0.01793
187.76,16.207,0.01793
187.92,16.176,0.01793
188.08,16.145,0.01793
188.24,16.114,0.01793
188.39,16.083,0.01793
188.55,16.052,0.01793
188.71,16.022,0.01793
188.87,15.991,0.01793
189.03,15.96,0.01793
189.19,15.929,0.01793
189.35,15.899,0.01793
189.51,15.868,0.01793
189.51,15.868,0.017918
189.66,15.837,0.017918
189.82,15.807,0.017918
189.98,15.776,0.017918
190.14,15.746,0.017918
190.3,15.715,0.017918
190.46,15.684,0.017918
190.62,15.654,0.017918
190.78,15.623,0.017918
190.94,15.593,0.017918
191.09,15.562,0.017918
191.25,15.532,0.017918
191.41,15.502,0.017918
191.57,15.471,0.017918
191.73,15.441,0.017918
191.89,15.41,0.017918
192.05,15.38,0.017918
192.21,15.35,0.017918
192.37,15.319,0.017918
192.53,15.289,0.017918
192.68,15.259,0.017918
192.84,15.229,0.017918
193,15.198,0.017918
193.16,15.168,0.017918
193.32,15.138,0.017918
193.48,15.108,0.017918
193.64,15.078,0.017918
193.8,15.048,0.017918
193.96,15.018,0.017918
194.12,14.988,0.017918
194.27,14.957,0.017918
194.43,14.927,0.017918
194.59,14.897,0.017918
194.75,14.867,0.017918
194.91,14.837,0.017918
195.07,14.808,0.017918
195.23,14.778,0.017918
195.39,14.748,0.017918
195.55,14.718,0.017918
195.71,14.688,0.017918
195.87,14.658,0.017918
195.87,14.658,0.017927
196.02,14.628,0.017927
196.18,14.598,0.017927
196.34,14.569,0.017927
196.5,14.539,0.017927
196.66,14.509,0.017927
196.82,14.479,0.017927
196.98,14.45,0.017927
197.14,14.42,0.017927
197.3,14.39,0.017927
197.46,14.361,0.017927
197.62,14.331,0.017927
197.78,14.302,0.017927
197.93,14.272,0.017927
198.09,14.242,0.017927
198.25,14.213,0.017927
198.41,14.183,0.017927
198.57,14.154,0.017927
198.73,14.124,0.017927
198.89,14.095,0.017927
199.05,14.066,0.017927
199.21,14.036,0.017927
199.37,14.007,0.017927
199.53,13.978,0.017927
199.69,13.948,0.017927
199.85,13.919,0.017927
200,13.89,0.017927
200.16,13.86,0.017927
200.32,13.831,0.017927
200.48,13.802,0.017927
200.64,13.773,0.017927
200.8,13.743,0.017927
200.96,13.714,0.017927
201.12,13.685,0.017927
201.28,13.656,0.017927
201.44,13.627,0.017927
201.6,13.598,0.017927
201.76,13.569,0.017927
201.92,13.54,0.017927
202.08,13.511,0.017927
202.23,13.482,0.017927
202.23,13.482,0.017959
202.39,13.453,0.017959
202.55,13.424,0.017959
202.71,13.395,0.017959
202.87,13.366,0.017959
203.03,13.337,0.017959
203.19,13.308,0.017959
203.35,13.279,0.017959
203.51,13.25,0.017959
203.67,13.222,0.017959
203.83,13.193,0.017959
203.99,13.164,0.017959
204.15,13.135,0.017959
204.31,13.107,0.017959
204.47,13.078,0.017959
204.63,13.049,0.017959
204.78,13.021,0.017959
204.94,12.992,0.017959
205.1,12.963,0.017959
205.26,12.935,0.017959
205.42,12.906,0.017959
205.58,12.878,0.017959
205.74,12.849,0.017959
205.9,12.821,0.017959
206.06,12.792,0.017959
206.22,12.764,0.017959
206.38,12.735,0.017959
206.54,12.707,0.017959
206.7,12.679,0.017959
206.86,12.65,0.017959
207.02,12.622,0.017959
207.18,12.594,0.017959
207.34,12.565,0.017959
207.5,12.537,0.017959
207.65,12.509,0.017959
207.81,12.481,0.017959
207.97,12.452,0.017959
208.13,12.424,0.017959
208.29,12.396,0.017959
208.45,12.368,0.017959
208.61,12.34,0.017959
208.61,12.34,0.018013
208.77,12.312,0.018013
208.93,12.283,0.018013
209.09,12.255,0.018013
209.25,12.227,0.018013
209.41,12.199,0.018013
209.57,12.171,0.018013
209.73,12.143,0.018013
209.89,12.115,0.018013
210.05,12.088,0.018013
210.21,12.06,0.018013
210.37,12.032,0.018013
210.53,12.004,0.018013
210.69,11.976,0.018013
210.85,11.948,0.018013
211,11.92,0.018013
211.16,11.893,0.018013
211.32,11.865,0.018013
211.48,11.837,0.018013
211.64,11.81,0.018013
211.8,11.782,0.018013
211.96,11.754,0.018013
212.12,11.727,0.018013
212.28,11.699,0.018013
212.44,11.671,0.018013
212.6,11.644,0.018013
212.76,11.616,0.018013
212.92,11.589,0.018013
213.08,11.561,0.018013
213.24,11.534,0.018013
213.4,11.506,0.018013
213.56,11.479,0.018013
213.72,11.452,0.018013
213.88,11.424,0.018013
214.04,11.397,0.018013
214.2,11.369,0.018013
214.36,11.342,0.018013
214.52,11.315,0.018013
214.68,11.288,0.018013
214.83,11.26,0.018013
214.99,11.233,0.018013
214.99,11.233,0.01809
215.15,11.206,0.01809
215.31,11.179,0.01809
215.47,11.152,0.01809
215.63,11.124,0.01809
215.79,11.097,0.01809
215.95,11.07,0.01809
216.11,11.043,0.01809
216.27,11.016,0.01809
216.43,10.989,0.01809
216.59,10.962,0.01809
216.75,10.935,0.01809
216.91,10.908,0.01809
217.07,10.881,0.01809
217.23,10.854,0.01809
217.39,10.828,0.01809
217.55,10.801,0.01809
217.71,10.774,0.01809
217.87,10.747,0.01809
218.03,10.72,0.01809
218.19,10.694,0.01809
218.35,10.667,0.01809
218.51,10.64,0.01809
218.67,10.613,0.01809
218.83,10.587,0.01809
218.99,10.56,0.01809
219.15,10.534,0.01809
219.31,10.507,0.01809
219.46,10.48,0.01809
219.62,10.454,0.01809
219.78,10.427,0.01809
219.94,10.401,0.01809
220.1,10.374,0.01809
220.26,10.348,0.01809
220.42,10.321,0.01809
220.58,10.295,0.01809
220.74,10.269,0.01809
220.9,10.242,0.01809
221.06,10.216,0.01809
221.22,10.19,0.01809
221.38,10.163,0.01809
221.38,10.163,0.01819
221.54,10.137,0.01819
221.7,10.111,0.01819
221.86,10.085,0.01819
222.02,10.058,0.01819
222.18,10.032,0.01819
222.34,10.006,0.01819
222.5,9.98,0.01819
222.66,9.9539,0.01819
222.82,9.9279,0.01819
222.98,9.9018,0.01819
223.14,9.8758,0.01819
223.3,9.8498,0.01819
223.46,9.8238,0.01819
223.62,9.7979,0.01819
223.78,9.772,0.01819
223.94,9.7461,0.01819
224.1,9.7202,0.01819
224.26,9.6943,0.01819
224.42,9.6685,0.01819
224.58,9.6427,0.01819
224.73,9.6169,0.01819
224.89,9.5912,0.01819
225.05,9.5655,0.01819
225.21,9.5398,0.01819
225.37,9.5141,0.01819
225.53,9.4884,0.01819
225.69,9.4628,0.01819
225.85,9.4372,0.01819
226.01,9.4116,0.01819
226.17,9.3861,0.01819
226.33,9.3605,0.01819
226.49,9.335,0.01819
226.65,9.3096,0.01819
226.81,9.2841,0.01819
226.97,9.2587,0.01819
227.13,9.2333,0.01819
227.29,9.2079,0.01819
227.45,9.1825,0.01819
227.61,9.1572,0.01819
227.77,9.1319,0.01819
227.77,9.1319,0.018315
227.93,9.1066,0.018315
228.09,9.0813,0.018315
228.25,9.0561,0.018315
228.41,9.0309,0.018315
228.57,9.0057,0.018315
228.73,8.9805,0.018315
228.89,8.9554,0.018315
229.05,8.9303,0.018315
229.21,8.9052,0.018315
229.37,8.8802,0.018315
229.53,8.8551,0.018315
229.69,8.8301,0.018315
229.85,8.8051,0.018315
230,8.7802,0.018315
230.16,8.7553,0.018315
230.32,8.7304,0.018315
230.48,8.7055,0.018315
230.64,8.6806,0.018315
230.8,8.6558,0.018315
230.96,8.631,0.018315
231.12,8.6063,0.018315
231.28,8.5815,0.018315
231.44,8.5568,0.018315
231.6,8.5321,0.018315
231.76,8.5074,0.018315
231.92,8.4828,0.018315
232.08,8.4582,0.018315
232.24,8.4336,0.018315
232.4,8.409,0.018315
232.56,8.3845,0.018315
232.72,8.36,0.018315
232.88,8.3355,0.018315
233.04,8.311,0.018315
233.2,8.2866,0.018315
233.36,8.2621,0.018315
233.52,8.2378,0.018315
233.68,8.2134,0.018315
233.84,8.1891,0.018315
234,8.1647,0.018315
234.16,8.1405,0.018315
234.16,8.1405,0.018465
234.32,8.1162,0.018465
234.48,8.092,0.018465
234.64,8.0677,0.018465
234.8,8.0436,0.018465
234.95,8.0194,0.018465
235.11,7.9953,0.018465
235.27,7.9712,0.018465
235.43,7.9471,0.018465
235.59,7.9231,0.018465
235.75,7.8991,0.018465
235.91,7.8751,0.018465
236.07,7.8511,0.018465
236.23,7.8272,0.018465
236.39,7.8033,0.018465
236.55,7.7794,0.018465
236.71,7.7555,0.018465
236.87,7.7317,0.018465
237.03,7.7079,0.018465
237.19,7.6842,0.018465
237.35,7.6604,0.018465
237.51,7.6367,0.018465
237.67,7.613,0.018465
237.83,7.5893,0.018465
237.99,7.5657,0.018465
238.15,7.5421,0.018465
238.31,7.5185,0.018465
238.47,7.495,0.018465
238.63,7.4714,0.018465
238.79,7.4479,0.018465
238.95,7.4244,0.018465
239.11,7.401,0.018465
239.26,7.3776,0.018465
239.42,7.3542,0.018465
239.58,7.3308,0.018465
239.74,7.3075,0.018465
239.9,7.2842,0.018465
240.06,7.2609,0.018465
240.22,7.2376,0.018465
240.38,7.2144,0.018465
240.54,7.1912,0.018465
240.54,7.1912,0.018643
240.7,7.168,0.018643
240.86,7.1448,0.018643
241.02,7.1217,0.018643
241.18,7.0986,0.018643
241.34,7.0755,0.018643
241.5,7.0525,0.018643
241.66,7.0295,0.018643
241.82,7.0065,0.018643
241.98,6.9836,0.018643
242.14,6.9607,0.018643
242.3,6.9378,0.018643
242.46,6.9149,0.018643
242.62,6.8921,0.018643
242.77,6.8693,0.018643
242.93,6.8465,0.018643
243.09,6.8237,0.018643
243.25,6.801,0.018643
243.41,6.7783,0.018643
243.57,6.7557,0.018643
243.73,6.733,0.018643
243.89,6.7104,0.018643
244.05,6.6878,0.018643
244.21,6.6653,0.018643
244.37,6.6428,0.018643
244.53,6.6203,0.018643
244.69,6.5978,0.018643
244.85,6.5754,0.018643
245.01,6.553,0.018643
245.17,6.5306,0.018643
245.33,6.5083,0.018643
245.49,6.4859,0.018643
245.65,6.4636,0.018643
245.8,6.4414,0.018643
245.96,6.4191,0.018643
246.12,6.3969,0.018643
246.28,6.3747,0.018643
246.44,6.3526,0.018643
246.6,6.3305,0.018643
246.76,6.3084,0.018643
246.92,6.2863,0.018643
246.92,6.2863,0.018849
247.08,6.2643,0.018849
247.24,6.2423,0.018849
247.4,6.2203,0.018849
247.56,6.1983,0.018849
247.72,6.1764,0.018849
247.88,6.1545,0.018849
248.04,6.1327,0.018849
248.2,6.1109,0.018849
248.36,6.0891,0.018849
248.51,6.0673,0.018849
248.67,6.0456,0.018849
248.83,6.0239,0.018849
248.99,6.0022,0.018849
249.15,5.9806,0.018849
249.31,5.9589,0.018849
249.47,5.9374,0.018849
249.63,5.9158,0.018849
249.79,5.8943,0.018849
249.95,5.8728,0.018849
250.11,5.8513,0.018849
250.27,5.8299,0.018849
250.43,5.8085,0.018849
250.59,5.7871,0.018849
250.75,5.7658,0.018849
250.9,5.7445,0.018849
251.06,5.7232,0.018849
251.22,5.702,0.018849
251.38,5.6808,0.018849
251.54,5.6596,0.018849
251.7,5.6384,0.018849
251.86,5.6173,0.018849
252.02,5.5962,0.018849
252.18,5.5751,0.018849
252.34,5.5541,0.018849
252.5,5.5331,0.018849
252.66,5.5121,0.018849
252.82,5.4911,0.018849
252.97,5.4702,0.018849
253.13,5.4493,0.018849
253.29,5.4285,0.018849
253.29,5.4285,0.019086
253.45,5.4076,0.019086
253.61,5.3869,0.019086
253.77,5.3661,0.019086
253.93,5.3454,0.019086
254.09,5.3247,0.019086
254.25,5.304,0.019086
254.41,5.2834,0.019086
254.57,5.2628,0.019086
254.73,5.2422,0.019086
254.89,5.2217,0.019086
255.04,5.2012,0.019086
255.2,5.1807,0.019086
255.36,5.1603,0.019086
255.52,5.1398,0.019086
255.68,5.1195,0.019086
255.84,5.0991,0.019086
256,5.0788,0.019086
256.16,5.0585,0.019086
256.32,5.0383,0.019086
256.48,5.0181,0.019086
256.64,4.9979,0.019086
256.79,4.9778,0.019086
256.95,4.9577,0.019086
257.11,4.9376,0.019086
257.27,4.9175,0.019086
257.43,4.8975,0.019086
257.59,4.8775,0.019086
257.75,4.8576,0.019086
257.91,4.8376,0.019086
258.07,4.8177,0.019086
258.23,4.7979,0.019086
258.38,4.7781,0.019086
258.54,4.7583,0.019086
258.7,4.7385,0.019086
258.86,4.7188,0.019086
259.02,4.6991,0.019086
259.18,4.6794,0.019086
259.34,4.6597,0.019086
259.5,4.6401,0.019086
259.66,4.6206,0.019086
259.66,4.6206,0.019355
259.81,4.601,0.019355
259.97,4.5815,0.019355
260.13,4.562,0.019355
260.29,4.5426,0.019355
260.45,4.5232,0.019355
260.61,4.5038,0.019355
260.77,4.4845,0.019355
260.93,4.4652,0.019355
261.09,4.4459,0.019355
261.24,4.4267,0.019355
261.4,4.4075,0.019355
261.56,4.3883,0.019355
261.72,4.3692,0.019355
261.88,4.3501,0.019355
262.04,4.3311,0.019355
262.2,4.3121,0.019355
262.36,4.2931,0.019355
262.52,4.2741,0.019355
262.67,4.2552,0.019355
262.83,4.2363,0.019355
262.99,4.2175,0.019355
263.15,4.1986,0.019355
263.31,4.1799,0.019355
263.47,4.1611,0.019355
263.63,4.1424,0.019355
263.79,4.1237,0.019355
263.94,4.1051,0.019355
264.1,4.0865,0.019355
264.26,4.0679,0.019355
264.42,4.0493,0.019355
264.58,4.0308,0.019355
264.74,4.0123,0.019355
264.9,3.9939,0.019355
265.05,3.9755,0.019355
265.21,3.9571,0.019355
265.37,3.9388,0.019355
265.53,3.9205,0.019355
265.69,3.9022,0.019355
265.85,3.8839,0.019355
266.01,3.8657,0.019355
266.01,3.8657,0.019658
266.16,3.8476,0.019658
266.32,3.8294,0.019658
266.48,3.8113,0.019658
266.64,3.7933,0.019658
266.8,3.7752,0.019658
266.96,3.7573,0.019658
267.12,3.7393,0.019658
267.27,3.7214,0.019658
267.43,3.7035,0.019658
267.59,3.6857,0.019658
267.75,3.6679,0.019658
267.91,3.6501,0.019658
268.07,3.6324,0.019658
268.23,3.6147,0.019658
268.38,3.597,0.019658
268.54,3.5794,0.019658
268.7,3.5618,0.019658
268.86,3.5443,0.019658
269.02,3.5268,0.019658
269.18,3.5093,0.019658
269.33,3.4919,0.019658
269.49,3.4745,0.019658
269.65,3.4571,0.019658
269.81,3.4398,0.019658
269.97,3.4225,0.019658
270.13,3.4053,0.019658
270.28,3.388,0.019658
270.44,3.3709,0.019658
270.6,3.3537,0.019658
270.76,3.3366,0.019658
270.92,3.3195,0.019658
271.08,3.3025,0.019658
271.23,3.2855,0.019658
271.39,3.2685,0.019658
271.55,3.2516,0.019658
271.71,3.2347,0.019658
271.87,3.2178,0.019658
272.03,3.201,0.019658
272.18,3.1842,0.019658
272.34,3.1675,0.019658
272.34,3.1675,0.019998
272.5,3.1508,0.019998
272.66,3.1341,0.019998
272.82,3.1175,0.019998
272.97,3.1009,0.019998
273.13,3.0843,0.019998
273.29,3.0678,0.019998
273.45,3.0513,0.019998
273.61,3.0349,0.019998
273.76,3.0185,0.019998
273.92,3.0021,0.019998
274.08,2.9858,0.019998
274.24,2.9695,0.019998
274.4,2.9533,0.019998
274.55,2.9371,0.019998
274.71,2.9209,0.019998
274.87,2.9048,0.019998
275.03,2.8887,0.019998
275.19,2.8727,0.019998
275.34,2.8567,0.019998
275.5,2.8407,0.019998
275.66,2.8248,0.019998
275.82,2.8089,0.019998
275.98,2.7931,0.019998
276.13,2.7773,0.019998
276.29,2.7615,0.019998
276.45,2.7457,0.019998
276.61,2.7301,0.019998
276.77,2.7144,0.019998
276.92,2.6988,0.019998
277.08,2.6832,0.019998
277.24,2.6677,0.019998
277.4,2.6522,0.019998
277.55,2.6367,0.019998
277.71,2.6213,0.019998
277.87,2.6059,0.019998
278.03,2.5905,0.019998
278.19,2.5752,0.019998
278.34,2.56,0.019998
278.5,2.5447,0.019998
278.66,2.5295,0.019998
278.66,2.5295,0.020373
278.82,2.5144,0.020373
278.97,2.4992,0.020373
279.13,2.4842,0.020373
279.29,2.4691,0.020373
279.45,2.4542,0.020373
279.6,2.4392,0.020373
279.76,2.4243,0.020373
279.92,2.4094,0.020373
280.08,2.3946,0.020373
280.23,2.3799,0.020373
280.39,2.3651,0.020373
280.55,2.3504,0.020373
280.71,2.3358,0.020373
280.86,2.3212,0.020373
281.02,2.3066,0.020373
281.18,2.2921,0.020373
281.34,2.2776,0.020373
281.49,2.2632,0.020373
281.65,2.2488,0.020373
281.81,2.2344,0.020373
281.97,2.2201,0.020373
282.12,2.2058,0.020373
282.28,2.1916,0.020373
282.44,2.1774,0.020373
282.6,2.1632,0.020373
282.75,2.1491,0.020373
282.91,2.135,0.020373
283.07,2.121,0.020373
283.22,2.107,0.020373
283.38,2.0931,0.020373
283.54,2.0792,0.020373
283.7,2.0653,0.020373
283.85,2.0515,0.020373
284.01,2.0377,0.020373
284.17,2.024,0.020373
284.33,2.0103,0.020373
284.48,1.9966,0.020373
284.64,1.983,0.020373
284.8,1.9694,0.020373
284.95,1.9559,0.020373
284.95,1.9559,0.020783
285.11,1.9424,0.020783
285.27,1.9289,0.020783
285.42,1.9155,0.020783
285.58,1.9021,0.020783
285.74,1.8888,0.020783
285.9,1.8755,0.020783
286.05,1.8623,0.020783
286.21,1.8491,0.020783
286.37,1.836,0.020783
286.52,1.8229,0.020783
286.68,1.8098,0.020783
286.84,1.7968,0.020783
286.99,1.7839,0.020783
287.15,1.771,0.020783
287.31,1.7581,0.020783
287.47,1.7453,0.020783
287.62,1.7325,0.020783
287.78,1.7198,0.020783
287.94,1.7071,0.020783
288.09,1.6944,0.020783
288.25,1.6818,0.020783
288.41,1.6693,0.020783
288.56,1.6567,0.020783
288.72,1.6443,0.020783
288.88,1.6318,0.020783
289.03,1.6195,0.020783
289.19,1.6071,0.020783
289.35,1.5948,0.020783
289.5,1.5826,0.020783
289.66,1.5703,0.020783
289.82,1.5582,0.020783
289.97,1.5461,0.020783
290.13,1.534,0.020783
290.29,1.5219,0.020783
290.44,1.5099,0.020783
290.6,1.498,0.020783
290.75,1.4861,0.020783
290.91,1.4742,0.020783
291.07,1.4624,0.020783
291.22,1.4506,0.020783
291.22,1.4506,0.021219
291.38,1.4389,0.021219
291.54,1.4272,0.021219
291.69,1.4155,0.021219
291.85,1.4039,0.021219
292.01,1.3924,0.021219
292.16,1.3809,0.021219
292.32,1.3695,0.021219
292.47,1.3581,0.021219
292.63,1.3467,0.021219
292.79,1.3354,0.021219
292.94,1.3241,0.021219
293.1,1.3129,0.021219
293.26,1.3018,0.021219
293.41,1.2906,0.021219
293.57,1.2796,0.021219
293.72,1.2686,0.021219
293.88,1.2576,0.021219
294.04,1.2466,0.021219
294.19,1.2358,0.021219
294.35,1.2249,0.021219
294.5,1.2141,0.021219
294.66,1.2034,0.021219
294.82,1.1927,0.021219
294.97,1.1821,0.021219
295.13,1.1715,0.021219
295.28,1.1609,0.021219
295.44,1.1504,0.021219
295.6,1.1399,0.021219
295.75,1.1295,0.021219
295.91,1.1191,0.021219
296.06,1.1088,0.021219
296.22,1.0985,0.021219
296.38,1.0883,0.021219
296.53,1.0781,0.021219
296.69,1.0679,0.021219
296.84,1.0578,0.021219
297,1.0478,0.021219
297.15,1.0378,0.021219
297.31,1.0278,0.021219
297.47,1.0179,0.021219
297.47,1.0179,0.021668
297.62,1.008,0.021668
297.78,0.99819,0.021668
297.93,0.98842,0.021668
298.09,0.9787,0.021668
298.24,0.96903,0.021668
298.4,0.9594,0.021668
298.55,0.94983,0.021668
298.71,0.94031,0.021668
298.87,0.93084,0.021668
299.02,0.92142,0.021668
299.18,0.91205,0.021668
299.33,0.90273,0.021668
299.49,0.89345,0.021668
299.64,0.88423,0.021668
299.8,0.87506,0.021668
299.95,0.86593,0.021668
300.11,0.85686,0.021668
300.26,0.84783,0.021668
300.42,0.83886,0.021668
300.57,0.82993,0.021668
300.73,0.82105,0.021668
300.88,0.81222,0.021668
301.04,0.80343,0.021668
301.19,0.7947,0.021668
301.35,0.78601,0.021668
301.5,0.77738,0.021668
301.66,0.76879,0.021668
301.81,0.76025,0.021668
301.97,0.75175,0.021668
302.12,0.74331,0.021668
302.28,0.73491,0.021668
302.43,0.72656,0.021668
302.59,0.71826,0.021668
302.74,0.71001,0.021668
302.9,0.7018,0.021668
303.05,0.69364,0.021668
303.21,0.68552,0.021668
303.36,0.67746,0.021668
303.52,0.66944,0.021668
303.67,0.66147,0.021668
303.67,0.66147,0.022094
303.83,0.65354,0.022094
303.98,0.64567,0.022094
304.14,0.63786,0.022094
304.29,0.63009,0.022094
304.45,0.62237,0.022094
304.6,0.61471,0.022094
304.76,0.6071,0.022094
304.91,0.59954,0.022094
305.07,0.59203,0.022094
305.22,0.58458,0.022094
305.37,0.57717,0.022094
305.53,0.56982,0.022094
305.68,0.56251,0.022094
305.84,0.55526,0.022094
305.99,0.54806,0.022094
306.15,0.54091,0.022094
306.3,0.53381,0.022094
306.46,0.52676,0.022094
306.61,0.51976,0.022094
306.76,0.51281,0.022094
306.92,0.50591,0.022094
307.07,0.49906,0.022094
307.23,0.49226,0.022094
307.38,0.48551,0.022094
307.53,0.47881,0.022094
307.69,0.47216,0.022094
307.84,0.46556,0.022094
308,0.45901,0.022094
308.15,0.4525,0.022094
308.3,0.44605,0.022094
308.46,0.43965,0.022094
308.61,0.43329,0.022094
308.77,0.42698,0.022094
308.92,0.42073,0.022094
309.07,0.41452,0.022094
309.23,0.40836,0.022094
309.38,0.40224,0.022094
309.54,0.39618,0.022094
309.69,0.39016,0.022094
309.84,0.38419,0.022094
309.84,0.38419,0.02243
310,0.37828,0.02243
310.15,0.37241,0.02243
310.3,0.3666,0.02243
310.46,0.36083,0.02243
310.61,0.35512,0.02243
310.77,0.34946,0.02243
310.92,0.34386,0.02243
311.07,0.3383,0.02243
311.23,0.3328,0.02243
311.38,0.32734,0.02243
311.53,0.32194,0.02243
311.69,0.31659,0.02243
311.84,0.31129,0.02243
311.99,0.30604,0.02243
312.15,0.30084,0.02243
312.3,0.29569,0.02243
312.45,0.29059,0.02243
312.61,0.28554,0.02243
312.76,0.28054,0.02243
312.91,0.27559,0.02243
313.07,0.27069,0.02243
313.22,0.26585,0.02243
313.37,0.26105,0.02243
313.53,0.2563,0.02243
313.68,0.25159,0.02243
313.83,0.24694,0.02243
313.98,0.24234,0.02243
314.14,0.23779,0.02243
314.29,0.23328,0.02243
314.44,0.22883,0.02243
314.6,0.22442,0.02243
314.75,0.22006,0.02243
314.9,0.21575,0.02243
315.05,0.21149,0.02243
315.21,0.20727,0.02243
315.36,0.20311,0.02243
315.51,0.19899,0.02243
315.67,0.19492,0.02243
315.82,0.19089,0.02243
315.97,0.18692,0.02243
315.97,0.18692,0.022547
316.12,0.1832,0.022547
316.26,0.17953,0.022547
316.4,0.1759,0.022547
316.55,0.17231,0.022547
316.7,0.16857,0.022547
316.85,0.16487,0.022547
317.01,0.16123,0.022547
317.16,0.15763,0.022547
317.31,0.15407,0.022547
317.46,0.15057,0.022547
317.61,0.14711,0.022547
317.77,0.1437,0.022547
317.92,0.14034,0.022547
318.07,0.13703,0.022547
318.22,0.13376,0.022547
318.38,0.13054,0.022547
318.53,0.12737,0.022547
318.68,0.12424,0.022547
318.83,0.12116,0.022547
318.98,0.11813,0.022547
319.14,0.11514,0.022547
319.29,0.1122,0.022547
319.44,0.1093,0.022547
319.59,0.10645,0.022547
319.74,0.10365,0.022547
319.9,0.10089,0.022547
320.05,0.098178,0.022547
320.2,0.095511,0.022547
320.35,0.092889,0.022547
320.5,0.090312,0.022547
320.65,0.08778,0.022547
320.81,0.085293,0.022547
320.96,0.082851,0.022547
321.11,0.080453,0.022547
321.26,0.0781,0.022547
321.41,0.075791,0.022547
321.57,0.073406,0.022547
321.73,0.071069,0.022547
321.89,0.068781,0.022547
322.05,0.066541,0.022547
322.05,0.066541,0.022193
322.19,0.064559,0.022193
322.34,0.062612,0.022193
322.48,0.060701,0.022193
322.63,0.058824,0.022193
322.78,0.056891,0.022193
322.93,0.054995,0.022193
323.08,0.053139,0.022193
323.23,0.05132,0.022193
323.38,0.04954,0.022193
323.53,0.047798,0.022193
323.68,0.046094,0.022193
323.83,0.044427,0.022193
323.99,0.042798,0.022193
324.14,0.041207,0.022193
324.29,0.039654,0.022193
324.44,0.038137,0.022193
324.59,0.036658,0.022193
324.74,0.035215,0.022193
324.89,0.03381,0.022193
325.04,0.032441,0.022193
325.19,0.031109,0.022193
325.34,0.029814,0.022193
325.49,0.028555,0.022193
325.64,0.027332,0.022193
325.79,0.026145,0.022193
325.94,0.024994,0.022193
326.1,0.023879,0.022193
326.25,0.0228,0.022193
326.4,0.021756,0.022193
326.55,0.020747,0.022193
326.7,0.019774,0.022193
326.85,0.018836,0.022193
327,0.017933,0.022193
327.15,0.017065,0.022193
327.3,0.016232,0.022193
327.45,0.015433,0.022193
327.61,0.014633,0.022193
327.76,0.013871,0.022193
327.92,0.013146,0.022193
328.08,0.012459,0.022193
328.08,0.012459,0.020888
328.18,0.012011,0.020888
328.29,0.011572,0.020888
328.4,0.011142,0.020888
328.5,0.010721,0.020888
328.65,0.010143,0.020888
328.8,0.0095818,0.020888
328.95,0.0090382,0.020888
329.1,0.0085118,0.020888
329.25,0.0080026,0.020888
329.4,0.0075104,0.020888
329.55,0.0070352,0.020888
329.7,0.0065767,0.020888
329.85,0.0061349,0.020888
330,0.0057096,0.020888
330.15,0.0053008,0.020888
330.3,0.0049082,0.020888
330.45,0.0045319,0.020888
330.6,0.0041716,0.020888
330.75,0.0038272,0.020888
330.9,0.0034986,0.020888
331.05,0.0031857,0.020888
331.2,0.0028884,0.020888
331.34,0.0026065,0.020888
331.49,0.0023399,0.020888
331.64,0.0020886,0.020888
331.79,0.0018523,0.020888
331.94,0.0016309,0.020888
332.09,0.0014244,0.020888
332.24,0.0012326,0.020888
332.39,0.0010554,0.020888
332.54,0.00089267,0.020888
332.69,0.00074427,0.020888
332.83,0.00061008,0.020888
332.98,0.00048999,0.020888
333.13,0.00038388,0.020888
333.28,0.00029162,0.020888
333.43,0.0002131,0.020888
333.58,0.00014818,0.020888
333.73,9.676e-05,0.020888
333.88,5.8704e-05,0.020888
333.92,5.0122e-05,0.020888
333.96,4.2659e-05,0.020888
334.01,3.6313e-05,0.020888
334.05,3.1079e-05,0.020888
334.05,3.1079e-05,0.019989
334.2,1.6146e-05,0.019989
334.35,3.4279e-06,0.019989
334.49,-7.1899e-06,0.019989
334.64,-1.5821e-05,0.019989
334.79,-2.2578e-05,0.019989
334.94,-2.7574e-05,0.019989
335.09,-3.0923e-05,0.019989
335.24,-3.2738e-05,0.019989
335.39,-3.3132e-05,0.019989
335.53,-3.2218e-05,0.019989
335.68,-3.0107e-05,0.019989
335.83,-2.6914e-05,0.019989
335.98,-2.2751e-05,0.019989
336.13,-1.7729e-05,0.019989
336.27,-1.1962e-05,0.019989
336.42,-5.562e-06,0.019989
336.57,1.3594e-06,0.019989
336.72,8.6898e-06,0.019989
336.87,1.6317e-05,0.019989
337.01,2.413e-05,0.019989
337.16,3.2016e-05,0.019989
337.31,3.9865e-05,0.019989
337.46,4.7563e-05,0.019989
337.61,5.5e-05,0.019989
337.75,6.2065e-05,0.019989
337.9,6.8647e-05,0.019989
338.05,7.4633e-05,0.019989
338.2,7.9914e-05,0.019989
338.34,8.4378e-05,0.019989
338.49,8.7914e-05,0.019989
338.64,9.0413e-05,0.019989
338.79,9.1763e-05,0.019989
338.93,9.1853e-05,0.019989
339.08,9.0574e-05,0.019989
339.23,8.7816e-05,0.019989
339.38,8.3467e-05,0.019989
339.52,7.7419e-05,0.019989
339.67,6.956e-05,0.019989
339.82,5.9782e-05,0.019989
339.96,4.7975e-05,0.019989
339.96,4.7975e-05,0.020353
340.11,3.617e-05,0.020353
340.26,2.6398e-05,0.020353
340.41,1.8546e-05,0.020353
340.55,1.2501e-05,0.020353
340.7,8.152e-06,0.020353
340.85,5.3858e-06,0.020353
340.99,4.0906e-06,0.020353
341.14,4.1545e-06,0.020353
341.29,5.4654e-06,0.020353
341.44,7.9117e-06,0.020353
341.58,1.1382e-05,0.020353
341.73,1.5764e-05,0.020353
341.88,2.0946e-05,0.020353
342.02,2.6818e-05,0.020353
342.17,3.3267e-05,0.020353
342.32,4.0183e-05,0.020353
342.46,4.7454e-05,0.020353
342.61,5.497e-05,0.020353
342.76,6.2619e-05,0.020353
342.9,7.0292e-05,0.020353
343.05,7.7876e-05,0.020353
343.2,8.5262e-05,0.020353
343.34,9.2339e-05,0.020353
343.49,9.8996e-05,0.020353
343.63,0.00010512,0.020353
343.78,0.00011061,0.020353
343.93,0.00011535,0.020353
344.07,0.00011923,0.020353
344.22,0.00012214,0.020353
344.37,0.00012397,0.020353
344.51,0.00012461,0.020353
344.66,0.00012395,0.020353
344.8,0.00012188,0.020353
344.95,0.0001183,0.020353
345.1,0.00011309,0.020353
345.24,0.00010614,0.020353
345.39,9.735e-05,0.020353
345.53,8.6606e-05,0.020353
345.68,7.38e-05,0.020353
345.83,5.8823e-05,0.020353
345.83,5.8823e-05,0.020747
345.97,4.3837e-05,0.020747
346.12,3.1003e-05,0.020747
346.26,2.0208e-05,0.020747
346.41,1.1342e-05,0.020747
346.55,4.2924e-06,0.020747
346.7,-1.0515e-06,0.020747
346.85,-4.8011e-06,0.020747
346.99,-7.0676e-06,0.020747
347.14,-7.9619e-06,0.020747
347.28,-7.5951e-06,0.020747
347.43,-6.078e-06,0.020747
347.57,-3.5214e-06,0.020747
347.72,-3.592e-08,0.020747
347.86,4.2679e-06,0.020747
348.01,9.2795e-06,0.020747
348.15,1.4889e-05,0.020747
348.3,2.0985e-05,0.020747
348.45,2.7458e-05,0.020747
348.59,3.4198e-05,0.020747
348.74,4.1096e-05,0.020747
348.88,4.804e-05,0.020747
349.03,5.4922e-05,0.020747
349.17,6.1631e-05,0.020747
349.32,6.8058e-05,0.020747
349.46,7.4094e-05,0.020747
349.61,7.963e-05,0.020747
349.75,8.4555e-05,0.020747
349.9,8.8761e-05,0.020747
350.04,9.2139e-05,0.020747
350.19,9.458e-05,0.020747
350.33,9.5975e-05,0.020747
350.48,9.6215e-05,0.020747
350.62,9.5192e-05,0.020747
350.76,9.2797e-05,0.020747
350.91,8.8922e-05,0.020747
351.05,8.3459e-05,0.020747
351.2,7.6298e-05,0.020747
351.34,6.7333e-05,0.020747
351.49,5.6455e-05,0.020747
351.63,4.3556e-05,0.020747
351.63,4.3556e-05,0.021126
351.78,3.0678e-05,0.021126
351.92,1.9858e-05,0.021126
352.07,1.0986e-05,0.021126
352.21,3.951e-06,0.021126
352.35,-1.3566e-06,0.021126
352.5,-5.0477e-06,0.021126
352.64,-7.2324e-06,0.021126
352.79,-8.0209e-06,0.021126
352.93,-7.5233e-06,0.021126
353.08,-5.8496e-06,0.021126
353.22,-3.1098e-06,0.021126
353.36,5.8647e-07,0.021126
353.51,5.1294e-06,0.021126
353.65,1.0409e-05,0.021126
353.8,1.6317e-05,0.021126
353.94,2.2743e-05,0.021126
354.08,2.9577e-05,0.021126
354.23,3.6711e-05,0.021126
354.37,4.4036e-05,0.021126
354.52,5.1442e-05,0.021126
354.66,5.8821e-05,0.021126
354.8,6.6063e-05,0.021126
354.95,7.3061e-05,0.021126
355.09,7.9705e-05,0.021126
355.23,8.5886e-05,0.021126
355.38,9.1497e-05,0.021126
355.52,9.643e-05,0.021126
355.67,0.00010057,0.021126
355.81,0.00010382,0.021126
355.95,0.00010607,0.021126
356.1,0.00010721,0.021126
356.24,0.00010712,0.021126
356.38,0.00010571,0.021126
356.53,0.00010287,0.021126
356.67,9.8484e-05,0.021126
356.81,9.245e-05,0.021126
356.96,8.4659e-05,0.021126
357.1,7.5004e-05,0.021126
357.24,6.3379e-05,0.021126
357.39,4.9677e-05,0.021126
357.39,4.9677e-05,0.021518
357.53,3.5971e-05,0.021518
357.67,2.4333e-05,0.021518
357.81,1.4654e-05,0.021518
357.96,6.8241e-06,0.021518
358.1,7.3341e-07,0.021518
358.24,-3.7274e-06,0.021518
358.39,-6.6678e-06,0.021518
358.53,-8.1969e-06,0.021518
358.67,-8.424e-06,0.021518
358.82,-7.4582e-06,0.021518
358.96,-5.4085e-06,0.021518
359.1,-2.3838e-06,0.021518
359.24,1.507e-06,0.021518
359.39,6.1552e-06,0.021518
359.53,1.1452e-05,0.021518
359.67,1.7289e-05,0.021518
359.81,2.3558e-05,0.021518
359.96,3.0151e-05,0.021518
360.1,3.6958e-05,0.021518
360.24,4.3873e-05,0.021518
360.38,5.0786e-05,0.021518
360.53,5.7591e-05,0.021518
360.67,6.4179e-05,0.021518
360.81,7.0442e-05,0.021518
360.95,7.6272e-05,0.021518
361.1,8.1563e-05,0.021518
361.24,8.6207e-05,0.021518
361.38,9.0095e-05,0.021518
361.52,9.3122e-05,0.021518
361.67,9.518e-05,0.021518
361.81,9.6161e-05,0.021518
361.95,9.596e-05,0.021518
362.09,9.4468e-05,0.021518
362.23,9.158e-05,0.021518
362.38,8.7189e-05,0.021518
362.52,8.1187e-05,0.021518
362.66,7.3469e-05,0.021518
362.8,6.3929e-05,0.021518
362.94,5.246e-05,0.021518
363.09,3.8955e-05,0.021518
363.09,3.8955e-05,0.021913
363.23,2.5468e-05,0.021913
363.37,1.4046e-05,0.021913
363.51,4.5816e-06,0.021913
363.65,-3.0345e-06,0.021913
363.8,-8.9108e-06,0.021913
363.94,-1.3156e-05,0.021913
364.08,-1.5879e-05,0.021913
364.22,-1.7187e-05,0.021913
364.36,-1.719e-05,0.021913
364.5,-1.5995e-05,0.021913
364.65,-1.371e-05,0.021913
364.79,-1.0444e-05,0.021913
364.93,-6.3049e-06,0.021913
365.07,-1.4e-06,0.021913
365.21,4.1628e-06,0.021913
365.35,1.0276e-05,0.021913
365.49,1.6831e-05,0.021913
365.64,2.3721e-05,0.021913
365.78,3.0839e-05,0.021913
365.92,3.8077e-05,0.021913
366.06,4.5329e-05,0.021913
366.2,5.2486e-05,0.021913
366.34,5.9442e-05,0.021913
366.48,6.609e-05,0.021913
366.62,7.2324e-05,0.021913
366.76,7.8036e-05,0.021913
366.91,8.312e-05,0.021913
367.05,8.7469e-05,0.021913
367.19,9.0977e-05,0.021913
367.33,9.3538e-05,0.021913
367.47,9.5045e-05,0.021913
367.61,9.5392e-05,0.021913
367.75,9.4474e-05,0.021913
367.89,9.2184e-05,0.021913
368.03,8.8416e-05,0.021913
368.17,8.3066e-05,0.021913
368.31,7.6026e-05,0.021913
368.45,6.7192e-05,0.021913
368.6,5.6459e-05,0.021913
368.74,4.372e-05,0.021913
368.74,4.372e-05,0.022306
368.88,3.0979e-05,0.022306
369.02,2.0237e-05,0.022306
369.16,1.1386e-05,0.022306
369.3,4.3177e-06,0.022306
369.44,-1.0757e-06,0.022306
369.58,-4.9017e-06,0.022306
369.72,-7.2679e-06,0.022306
369.86,-8.2819e-06,0.022306
370,-8.0511e-06,0.022306
370.14,-6.6828e-06,0.022306
370.28,-4.2843e-06,0.022306
370.42,-9.628e-07,0.022306
370.56,3.1747e-06,0.022306
370.7,8.0212e-06,0.022306
370.84,1.347e-05,0.022306
370.98,1.9414e-05,0.022306
371.12,2.5746e-05,0.022306
371.26,3.236e-05,0.022306
371.4,3.915e-05,0.022306
371.54,4.6009e-05,0.022306
371.68,5.2831e-05,0.022306
371.82,5.9509e-05,0.022306
371.96,6.5937e-05,0.022306
372.1,7.201e-05,0.022306
372.24,7.7621e-05,0.022306
372.38,8.2664e-05,0.022306
372.52,8.7034e-05,0.022306
372.66,9.0626e-05,0.022306
372.8,9.3332e-05,0.022306
372.94,9.5049e-05,0.022306
373.08,9.5671e-05,0.022306
373.22,9.5092e-05,0.022306
373.36,9.3207e-05,0.022306
373.5,8.9912e-05,0.022306
373.64,8.5101e-05,0.022306
373.78,7.8669e-05,0.022306
373.92,7.0513e-05,0.022306
374.06,6.0526e-05,0.022306
374.2,4.8605e-05,0.022306
374.33,3.4645e-05,0.022306
374.33,3.4645e-05,0.022715
374.47,2.07e-05,0.022715
374.61,8.8243e-06,0.022715
374.75,-1.0907e-06,0.022715
374.89,-9.1516e-06,0.022715
375.03,-1.5465e-05,0.022715
375.17,-2.0139e-05,0.022715
375.31,-2.3279e-05,0.022715
375.45,-2.4993e-05,0.022715
375.59,-2.5387e-05,0.022715
375.73,-2.4567e-05,0.022715
375.87,-2.2641e-05,0.022715
376,-1.9713e-05,0.022715
376.14,-1.5892e-05,0.022715
376.28,-1.1283e-05,0.022715
376.42,-5.9911e-06,0.022715
376.56,-1.2379e-07,0.022715
376.7,6.2135e-06,0.022715
376.84,1.2915e-05,0.022715
376.98,1.9875e-05,0.022715
377.12,2.6987e-05,0.022715
377.25,3.4147e-05,0.022715
377.39,4.1249e-05,0.022715
377.53,4.8187e-05,0.022715
377.67,5.4855e-05,0.022715
377.81,6.115e-05,0.022715
377.95,6.6966e-05,0.022715
378.09,7.2197e-05,0.022715
378.22,7.6739e-05,0.022715
378.36,8.0487e-05,0.022715
378.5,8.3337e-05,0.022715
378.64,8.5183e-05,0.022715
378.78,8.5921e-05,0.022715
378.92,8.5448e-05,0.022715
379.05,8.3658e-05,0.022715
379.19,8.0447e-05,0.022715
379.33,7.5711e-05,0.022715
379.47,6.9347e-05,0.022715
379.61,6.125e-05,0.022715
379.75,5.1316e-05,0.022715
379.88,3.9443e-05,0.022715
379.88,3.9443e-05,0.02311
380.02,2.7566e-05,0.02311
380.16,1.7624e-05,0.02311
380.3,9.5085e-06,0.02311
380.44,3.1145e-06,0.02311
380.57,-1.6645e-06,0.02311
380.71,-4.9344e-06,0.02311
380.85,-6.8011e-06,0.02311
380.99,-7.3704e-06,0.02311
381.13,-6.7481e-06,0.02311
381.26,-5.0398e-06,0.02311
381.4,-2.3512e-06,0.02311
381.54,1.2123e-06,0.02311
381.68,5.5454e-06,0.02311
381.81,1.0543e-05,0.02311
381.95,1.6099e-05,0.02311
382.09,2.2109e-05,0.02311
382.23,2.8468e-05,0.02311
382.37,3.5071e-05,0.02311
382.5,4.1813e-05,0.02311
382.64,4.8589e-05,0.02311
382.78,5.5294e-05,0.02311
382.92,6.1825e-05,0.02311
383.05,6.8076e-05,0.02311
383.19,7.3944e-05,0.02311
383.33,7.9323e-05,0.02311
383.46,8.411e-05,0.02311
383.6,8.82e-05,0.02311
383.74,9.149e-05,0.02311
383.88,9.3875e-05,0.02311
384.01,9.5252e-05,0.02311
384.15,9.5518e-05,0.02311
384.29,9.4567e-05,0.02311
384.43,9.2298e-05,0.02311
384.56,8.8606e-05,0.02311
384.7,8.3388e-05,0.02311
384.84,7.6542e-05,0.02311
384.97,6.7963e-05,0.02311
385.11,5.7548e-05,0.02311
385.25,4.5196e-05,0.02311
385.38,3.0802e-05,0.02311
385.38,3.0802e-05,0.023534
385.52,1.6425e-05,0.023534
385.66,4.1184e-06,0.023534
385.8,-6.2227e-06,0.023534
385.93,-1.4704e-05,0.023534
386.07,-2.143e-05,0.023534
386.21,-2.6508e-05,0.023534
386.34,-3.0041e-05,0.023534
386.48,-3.2135e-05,0.023534
386.62,-3.2895e-05,0.023534
386.75,-3.2426e-05,0.023534
386.89,-3.0832e-05,0.023534
387.03,-2.822e-05,0.023534
387.16,-2.4692e-05,0.023534
387.3,-2.0355e-05,0.023534
387.43,-1.5312e-05,0.023534
387.57,-9.6672e-06,0.023534
387.71,-3.526e-06,0.023534
387.84,3.0078e-06,0.023534
387.98,9.83e-06,0.023534
388.12,1.6837e-05,0.023534
388.25,2.3924e-05,0.023534
388.39,3.0987e-05,0.023534
388.53,3.7923e-05,0.023534
388.66,4.4628e-05,0.023534
388.8,5.0999e-05,0.023534
388.93,5.6931e-05,0.023534
389.07,6.2322e-05,0.023534
389.21,6.7068e-05,0.023534
389.34,7.1065e-05,0.023534
389.48,7.4211e-05,0.023534
389.61,7.6403e-05,0.023534
389.75,7.7538e-05,0.023534
389.89,7.7512e-05,0.023534
390.02,7.6223e-05,0.023534
390.16,7.3569e-05,0.023534
390.29,6.9446e-05,0.023534
390.43,6.3753e-05,0.023534
390.57,5.6386e-05,0.023534
390.7,4.7244e-05,0.023534
390.84,3.6225e-05,0.023534
390.84,3.6225e-05,0.023929
390.97,2.5202e-05,0.023929
391.11,1.6049e-05,0.023929
391.24,8.6599e-06,0.023929
391.38,2.931e-06,0.023929
391.51,-1.2424e-06,0.023929
391.65,-3.9646e-06,0.023929
391.79,-5.3399e-06,0.023929
391.92,-5.4724e-06,0.023929
392.06,-4.4664e-06,0.023929
392.19,-2.4258e-06,0.023929
392.33,5.4537e-07,0.023929
392.46,4.3433e-06,0.023929
392.6,8.8642e-06,0.023929
392.73,1.4004e-05,0.023929
392.87,1.966e-05,0.023929
393,2.5728e-05,0.023929
393.14,3.2105e-05,0.023929
393.27,3.8687e-05,0.023929
393.41,4.5371e-05,0.023929
393.54,5.2054e-05,0.023929
393.68,5.8633e-05,0.023929
393.82,6.5005e-05,0.023929
393.95,7.1067e-05,0.023929
394.09,7.6716e-05,0.023929
394.22,8.1849e-05,0.023929
394.36,8.6364e-05,0.023929
394.49,9.0159e-05,0.023929
394.62,9.313e-05,0.023929
394.76,9.5176e-05,0.023929
394.89,9.6194e-05,0.023929
395.03,9.6082e-05,0.023929
395.16,9.4738e-05,0.023929
395.3,9.2061e-05,0.023929
395.43,8.7947e-05,0.023929
395.57,8.2296e-05,0.023929
395.7,7.5006e-05,0.023929
395.84,6.5975e-05,0.023929
395.97,5.5102e-05,0.023929
396.11,4.2285e-05,0.023929
396.24,2.7423e-05,0.023929
396.24,2.7423e-05,0.02437
396.38,1.2578e-05,0.02437
396.51,-1.9047e-07,0.02437
396.65,-1.0986e-05,0.02437
396.78,-1.9914e-05,0.02437
396.91,-2.7076e-05,0.02437
397.05,-3.2577e-05,0.02437
397.18,-3.652e-05,0.02437
397.32,-3.901e-05,0.02437
397.45,-4.0148e-05,0.02437
397.59,-4.004e-05,0.02437
397.72,-3.8788e-05,0.02437
397.85,-3.6495e-05,0.02437
397.99,-3.3265e-05,0.02437
398.12,-2.9201e-05,0.02437
398.26,-2.4405e-05,0.02437
398.39,-1.898e-05,0.02437
398.52,-1.303e-05,0.02437
398.66,-6.6568e-06,0.02437
398.79,3.668e-08,0.02437
398.93,6.9479e-06,0.02437
399.06,1.3974e-05,0.02437
399.19,2.1014e-05,0.02437
399.33,2.7964e-05,0.02437
399.46,3.4723e-05,0.02437
399.6,4.1187e-05,0.02437
399.73,4.7256e-05,0.02437
399.86,5.2828e-05,0.02437
400,5.78e-05,0.02437
400.13,6.207e-05,0.02437
400.26,6.5538e-05,0.02437
400.4,6.8102e-05,0.02437
400.53,6.9659e-05,0.02437
400.67,7.0109e-05,0.02437
400.8,6.935e-05,0.02437
400.93,6.7282e-05,0.02437
401.07,6.3802e-05,0.02437
401.2,5.8811e-05,0.02437
401.33,5.2207e-05,0.02437
401.47,4.3889e-05,0.02437
401.6,3.3757e-05,0.02437
401.6,3.3757e-05,0.024765
401.73,2.3621e-05,0.024765
401.87,1.5287e-05,0.024765
402,8.6544e-06,0.024765
402.13,3.619e-06,0.024765
402.27,7.8083e-08,0.024765
402.4,-2.071e-06,0.024765
402.53,-2.9311e-06,0.024765
402.67,-2.6047e-06,0.024765
402.8,-1.1945e-06,0.024765
402.93,1.1971e-06,0.024765
403.07,4.4676e-06,0.024765
403.2,8.5149e-06,0.024765
403.33,1.3237e-05,0.024765
403.46,1.8531e-05,0.024765
403.6,2.4295e-05,0.024765
403.73,3.0427e-05,0.024765
403.86,3.6826e-05,0.024765
404,4.3389e-05,0.024765
404.13,5.0016e-05,0.024765
404.26,5.6603e-05,0.024765
404.39,6.305e-05,0.024765
404.53,6.9255e-05,0.024765
404.66,7.5117e-05,0.024765
404.79,8.0535e-05,0.024765
404.93,8.5407e-05,0.024765
405.06,8.9632e-05,0.024765
405.19,9.3109e-05,0.024765
405.32,9.5738e-05,0.024765
405.46,9.7417e-05,0.024765
405.59,9.8046e-05,0.024765
405.72,9.7524e-05,0.024765
405.85,9.575e-05,0.024765
405.99,9.2625e-05,0.024765
406.12,8.8047e-05,0.024765
406.25,8.1917e-05,0.024765
406.38,7.4134e-05,0.024765
406.52,6.4598e-05,0.024765
406.65,5.3209e-05,0.024765
406.78,3.9868e-05,0.024765
406.91,2.4474e-05,0.024765
406.91,2.4474e-05,0.025222
407.04,9.0981e-06,0.025222
407.18,-4.1915e-06,0.025222
407.31,-1.5497e-05,0.025222
407.44,-2.4921e-05,0.025222
407.57,-3.2566e-05,0.025222
407.71,-3.8534e-05,0.025222
407.84,-4.2927e-05,0.025222
407.97,-4.5847e-05,0.025222
408.1,-4.7397e-05,0.025222
408.23,-4.7677e-05,0.025222
408.37,-4.679e-05,0.025222
408.5,-4.4838e-05,0.025222
408.63,-4.1923e-05,0.025222
408.76,-3.8145e-05,0.025222
408.89,-3.3607e-05,0.025222
409.02,-2.841e-05,0.025222
409.16,-2.2655e-05,0.025222
409.29,-1.6443e-05,0.025222
409.42,-9.8763e-06,0.025222
409.55,-3.0553e-06,0.025222
409.68,3.919e-06,0.025222
409.81,1.0945e-05,0.025222
409.95,1.7923e-05,0.025222
410.08,2.4752e-05,0.025222
410.21,3.133e-05,0.025222
410.34,3.7558e-05,0.025222
410.47,4.3335e-05,0.025222
410.6,4.856e-05,0.025222
410.74,5.3134e-05,0.025222
410.87,5.6955e-05,0.025222
411,5.9924e-05,0.025222
411.13,6.1941e-05,0.025222
411.26,6.2906e-05,0.025222
411.39,6.2719e-05,0.025222
411.52,6.1279e-05,0.025222
411.65,5.8488e-05,0.025222
411.79,5.4246e-05,0.025222
411.92,4.8453e-05,0.025222
412.05,4.1011e-05,0.025222
412.18,3.1819e-05,0.025222
412.18,3.1819e-05,0.025617
412.31,2.262e-05,0.025617
412.44,1.5158e-05,0.025617
412.57,9.329e-06,0.025617
412.7,5.0331e-06,0.025617
412.83,2.1684e-06,0.025617
412.97,6.3375e-07,0.025617
413.1,3.2787e-07,0.025617
413.23,1.1496e-06,0.025617
413.36,2.9979e-06,0.025617
413.49,5.7719e-06,0.025617
413.62,9.3705e-06,0.025617
413.75,1.3693e-05,0.025617
413.88,1.8639e-05,0.025617
414.01,2.4107e-05,0.025617
414.14,2.9997e-05,0.025617
414.27,3.6208e-05,0.025617
414.4,4.2641e-05,0.025617
414.54,4.9194e-05,0.025617
414.67,5.5768e-05,0.025617
414.8,6.2261e-05,0.025617
414.93,6.8575e-05,0.025617
415.06,7.461e-05,0.025617
415.19,8.0264e-05,0.025617
415.32,8.5439e-05,0.025617
415.45,9.0035e-05,0.025617
415.58,9.3952e-05,0.025617
415.71,9.709e-05,0.025617
415.84,9.935e-05,0.025617
415.97,0.00010063,0.025617
416.1,0.00010084,0.025617
416.23,9.9871e-05,0.025617
416.36,9.7627e-05,0.025617
416.49,9.4009e-05,0.025617
416.62,8.8918e-05,0.025617
416.75,8.2256e-05,0.025617
416.88,7.3923e-05,0.025617
417.01,6.3822e-05,0.025617
417.14,5.1852e-05,0.025617
417.27,3.7917e-05,0.025617
417.4,2.1917e-05,0.025617
417.4,2.1917e-05,0.026093
417.53,5.937e-06,0.026093
417.66,-7.9427e-06,0.026093
417.79,-1.9823e-05,0.026093
417.92,-2.9804e-05,0.026093
418.05,-3.7987e-05,0.026093
418.18,-4.4474e-05,0.026093
418.31,-4.9363e-05,0.026093
418.44,-5.2757e-05,0.026093
418.57,-5.4756e-05,0.026093
418.7,-5.546e-05,0.026093
418.83,-5.497e-05,0.026093
418.96,-5.3385e-05,0.026093
419.09,-5.0807e-05,0.026093
419.22,-4.7336e-05,0.026093
419.35,-4.3071e-05,0.026093
419.48,-3.8113e-05,0.026093
419.61,-3.2561e-05,0.026093
419.74,-2.6515e-05,0.026093
419.87,-2.0076e-05,0.026093
420,-1.3343e-05,0.026093
420.13,-6.4148e-06,0.026093
420.26,6.079e-07,0.026093
420.39,7.6261e-06,0.026093
420.52,1.454e-05,0.026093
420.64,2.1252e-05,0.026093
420.77,2.766e-05,0.026093
420.9,3.3667e-05,0.026093
421.03,3.9174e-05,0.026093
421.16,4.4081e-05,0.026093
421.29,4.829e-05,0.026093
421.42,5.1701e-05,0.026093
421.55,5.4217e-05,0.026093
421.68,5.5738e-05,0.026093
421.81,5.6166e-05,0.026093
421.94,5.5403e-05,0.026093
422.07,5.335e-05,0.026093
422.19,4.9909e-05,0.026093
422.32,4.4982e-05,0.026093
422.45,3.8471e-05,0.026093
422.58,3.0278e-05,0.026093
422.58,3.0278e-05,0.026486
422.71,2.2077e-05,0.026486
422.84,1.5541e-05,0.026486
422.97,1.0571e-05,0.026486
423.1,7.0664e-06,0.026486
423.23,4.927e-06,0.026486
423.36,4.0533e-06,0.026486
423.48,4.3454e-06,0.026486
423.61,5.7037e-06,0.026486
423.74,8.0285e-06,0.026486
423.87,1.122e-05,0.026486
424,1.518e-05,0.026486
424.13,1.9807e-05,0.026486
424.26,2.5003e-05,0.026486
424.38,3.0669e-05,0.026486
424.51,3.6706e-05,0.026486
424.64,4.3014e-05,0.026486
424.77,4.9494e-05,0.026486
424.9,5.6048e-05,0.026486
425.03,6.2576e-05,0.026486
425.16,6.898e-05,0.026486
425.28,7.5162e-05,0.026486
425.41,8.1022e-05,0.026486
425.54,8.6463e-05,0.026486
425.67,9.1385e-05,0.026486
425.8,9.5691e-05,0.026486
425.93,9.9282e-05,0.026486
426.05,0.00010206,0.026486
426.18,0.00010393,0.026486
426.31,0.00010479,0.026486
426.44,0.00010454,0.026486
426.57,0.00010308,0.026486
426.69,0.00010033,0.026486
426.82,9.6172e-05,0.026486
426.95,9.0519e-05,0.026486
427.08,8.3271e-05,0.026486
427.21,7.4331e-05,0.026486
427.33,6.3602e-05,0.026486
427.46,5.0985e-05,0.026486
427.59,3.6385e-05,0.026486
427.72,1.9704e-05,0.026486
427.72,1.9704e-05,0.026981
427.85,3.0437e-06,0.026981
427.97,-1.1497e-05,0.026981
428.1,-2.4018e-05,0.026981
428.23,-3.4618e-05,0.026981
428.36,-4.3398e-05,0.026981
428.48,-5.0455e-05,0.026981
428.61,-5.5891e-05,0.026981
428.74,-5.9804e-05,0.026981
428.87,-6.2292e-05,0.026981
429,-6.3457e-05,0.026981
429.12,-6.3395e-05,0.026981
429.25,-6.2207e-05,0.026981
429.38,-5.9992e-05,0.026981
429.51,-5.6847e-05,0.026981
429.63,-5.2873e-05,0.026981
429.76,-4.8167e-05,0.026981
429.89,-4.2828e-05,0.026981
430.02,-3.6955e-05,0.026981
430.14,-3.0646e-05,0.026981
430.27,-2.3999e-05,0.026981
430.4,-1.7114e-05,0.026981
430.52,-1.0087e-05,0.026981
430.65,-3.0176e-06,0.026981
430.78,3.9966e-06,0.026981
430.91,1.0858e-05,0.026981
431.03,1.7467e-05,0.026981
431.16,2.3729e-05,0.026981
431.29,2.9543e-05,0.026981
431.42,3.4813e-05,0.026981
431.54,3.9442e-05,0.026981
431.67,4.3331e-05,0.026981
431.8,4.6383e-05,0.026981
431.92,4.8502e-05,0.026981
432.05,4.9589e-05,0.026981
432.18,4.9548e-05,0.026981
432.3,4.8282e-05,0.026981
432.43,4.5693e-05,0.026981
432.56,4.1685e-05,0.026981
432.68,3.6162e-05,0.026981
432.81,2.9026e-05,0.026981
432.81,2.9026e-05,0.02737
432.94,2.188e-05,0.02737
433.07,1.6328e-05,0.02737
433.19,1.227e-05,0.02737
433.32,9.6077e-06,0.02737
433.45,8.2426e-06,0.02737
433.57,8.0762e-06,0.02737
433.7,9.0102e-06,0.02737
433.83,1.0946e-05,0.02737
433.95,1.3786e-05,0.02737
434.08,1.7432e-05,0.02737
434.21,2.1785e-05,0.02737
434.33,2.6748e-05,0.02737
434.46,3.2222e-05,0.02737
434.58,3.811e-05,0.02737
434.71,4.4314e-05,0.02737
434.84,5.0737e-05,0.02737
434.96,5.728e-05,0.02737
435.09,6.3847e-05,0.02737
435.22,7.0339e-05,0.02737
435.34,7.6659e-05,0.02737
435.47,8.2711e-05,0.02737
435.6,8.8396e-05,0.02737
435.72,9.3618e-05,0.02737
435.85,9.828e-05,0.02737
435.97,0.00010228,0.02737
436.1,0.00010553,0.02737
436.23,0.00010793,0.02737
436.35,0.00010938,0.02737
436.48,0.00010979,0.02737
436.6,0.00010906,0.02737
436.73,0.00010709,0.02737
436.86,0.00010378,0.02737
436.98,9.9048e-05,0.02737
437.11,9.2787e-05,0.02737
437.23,8.4903e-05,0.02737
437.36,7.5302e-05,0.02737
437.49,6.3886e-05,0.02737
437.61,5.056e-05,0.02737
437.74,3.5229e-05,0.02737
437.86,1.7796e-05,0.02737
437.86,1.7796e-05,0.027887
437.99,3.8487e-07,0.027887
438.12,-1.4884e-05,0.027887
438.24,-2.8108e-05,0.027887
438.37,-3.9385e-05,0.027887
438.49,-4.8815e-05,0.027887
438.62,-5.6495e-05,0.027887
438.74,-6.2522e-05,0.027887
438.87,-6.6996e-05,0.027887
438.99,-7.0014e-05,0.027887
439.12,-7.1673e-05,0.027887
439.25,-7.2072e-05,0.027887
439.37,-7.1308e-05,0.027887
439.5,-6.9479e-05,0.027887
439.62,-6.6682e-05,0.027887
439.75,-6.3014e-05,0.027887
439.87,-5.8574e-05,0.027887
440,-5.3458e-05,0.027887
440.12,-4.7764e-05,0.027887
440.25,-4.1589e-05,0.027887
440.37,-3.503e-05,0.027887
440.5,-2.8184e-05,0.027887
440.62,-2.1148e-05,0.027887
440.75,-1.4018e-05,0.027887
440.88,-6.8921e-06,0.027887
441,1.3359e-07,0.027887
441.13,6.9624e-06,0.027887
441.25,1.3498e-05,0.027887
441.38,1.9643e-05,0.027887
441.5,2.5303e-05,0.027887
441.63,3.0379e-05,0.027887
441.75,3.4777e-05,0.027887
441.88,3.84e-05,0.027887
442,4.1152e-05,0.027887
442.13,4.2937e-05,0.027887
442.25,4.3659e-05,0.027887
442.38,4.3223e-05,0.027887
442.5,4.1532e-05,0.027887
442.63,3.8491e-05,0.027887
442.75,3.4005e-05,0.027887
442.87,2.7978e-05,0.027887
442.87,2.7978e-05,0.028272
443,2.1941e-05,0.028272
443.12,1.7422e-05,0.028272
443.25,1.4324e-05,0.028272
443.37,1.255e-05,0.028272
443.5,1.2004e-05,0.028272
443.62,1.2586e-05,0.028272
443.75,1.4202e-05,0.028272
443.87,1.6753e-05,0.028272
444,2.0144e-05,0.028272
444.12,2.4276e-05,0.028272
444.25,2.9053e-05,0.028272
444.37,3.4379e-05,0.028272
444.49,4.0157e-05,0.028272
444.62,4.629e-05,0.028272
444.74,5.2683e-05,0.028272
444.87,5.9238e-05,0.028272
444.99,6.5859e-05,0.028272
445.12,7.245e-05,0.028272
445.24,7.8916e-05,0.028272
445.36,8.5159e-05,0.028272
445.49,9.1084e-05,0.028272
445.61,9.6595e-05,0.028272
445.74,0.0001016,0.028272
445.86,0.00010599,0.028272
445.99,0.00010969,0.028272
446.11,0.00011258,0.028272
446.23,0.00011459,0.028272
446.36,0.00011561,0.028272
446.48,0.00011554,0.028272
446.61,0.0001143,0.028272
446.73,0.00011178,0.028272
446.85,0.00010789,0.028272
446.98,0.00010254,0.028272
447.1,9.5634e-05,0.028272
447.23,8.7073e-05,0.028272
447.35,7.6763e-05,0.028272
447.47,6.4611e-05,0.028272
447.6,5.0522e-05,0.028272
447.72,3.4402e-05,0.028272
447.84,1.6155e-05,0.028272
447.84,1.6155e-05,0.028811
447.97,-2.0691e-06,0.028811
448.09,-1.8123e-05,0.028811
448.22,-3.2105e-05,0.028811
448.34,-4.4112e-05,0.028811
448.46,-5.4239e-05,0.028811
448.59,-6.2585e-05,0.028811
448.71,-6.9245e-05,0.028811
448.83,-7.4317e-05,0.028811
448.96,-7.7898e-05,0.028811
449.08,-8.0083e-05,0.028811
449.2,-8.097e-05,0.028811
449.33,-8.0654e-05,0.028811
449.45,-7.9232e-05,0.028811
449.57,-7.6801e-05,0.028811
449.7,-7.3457e-05,0.028811
449.82,-6.9295e-05,0.028811
449.95,-6.4412e-05,0.028811
450.07,-5.8904e-05,0.028811
450.19,-5.2867e-05,0.028811
450.31,-4.6396e-05,0.028811
450.44,-3.9588e-05,0.028811
450.56,-3.2538e-05,0.028811
450.68,-2.5342e-05,0.028811
450.81,-1.8096e-05,0.028811
450.93,-1.0894e-05,0.028811
451.05,-3.8327e-06,0.028811
451.18,2.993e-06,0.028811
451.3,9.4878e-06,0.028811
451.42,1.5557e-05,0.028811
451.55,2.1104e-05,0.028811
451.67,2.6036e-05,0.028811
451.79,3.0256e-05,0.028811
451.92,3.367e-05,0.028811
452.04,3.6184e-05,0.028811
452.16,3.7702e-05,0.028811
452.28,3.813e-05,0.028811
452.41,3.7373e-05,0.028811
452.53,3.5337e-05,0.028811
452.65,3.1928e-05,0.028811
452.78,2.7052e-05,0.028811
452.78,2.7052e-05,0.02919
452.9,2.2164e-05,0.02919
453.02,1.8718e-05,0.02919
453.14,1.662e-05,0.02919
453.27,1.5772e-05,0.02919
453.39,1.6079e-05,0.02919
453.51,1.7446e-05,0.02919
453.63,1.9776e-05,0.02919
453.76,2.2974e-05,0.02919
453.88,2.6944e-05,0.02919
454,3.159e-05,0.02919
454.12,3.6818e-05,0.02919
454.25,4.2531e-05,0.02919
454.37,4.8635e-05,0.02919
454.49,5.5034e-05,0.02919
454.61,6.1632e-05,0.02919
454.74,6.8336e-05,0.02919
454.86,7.5049e-05,0.02919
454.98,8.1678e-05,0.02919
455.1,8.8126e-05,0.02919
455.23,9.4299e-05,0.02919
455.35,0.0001001,0.02919
455.47,0.00010544,0.02919
455.59,0.00011022,0.02919
455.71,0.00011435,0.02919
455.84,0.00011773,0.02919
455.96,0.00012027,0.02919
456.08,0.00012187,0.02919
456.2,0.00012244,0.02919
456.32,0.00012189,0.02919
456.45,0.00012011,0.02919
456.57,0.00011703,0.02919
456.69,0.00011254,0.02919
456.81,0.00010655,0.02919
456.93,9.8962e-05,0.02919
457.06,8.969e-05,0.02919
457.18,7.8638e-05,0.02919
457.3,6.5711e-05,0.02919
457.42,5.0817e-05,0.02919
457.54,3.3862e-05,0.02919
457.67,1.4754e-05,0.02919
457.67,1.4754e-05,0.029754
457.79,-4.331e-06,0.029754
457.91,-2.1217e-05,0.029754
458.03,-3.5999e-05,0.029754
458.15,-4.8773e-05,0.029754
458.27,-5.9636e-05,0.029754
458.4,-6.8682e-05,0.029754
458.52,-7.6007e-05,0.029754
458.64,-8.1707e-05,0.029754
458.76,-8.5877e-05,0.029754
458.88,-8.8613e-05,0.029754
459,-9.0009e-05,0.029754
459.13,-9.0161e-05,0.029754
459.25,-8.9165e-05,0.029754
459.37,-8.7114e-05,0.029754
459.49,-8.4106e-05,0.029754
459.61,-8.0233e-05,0.029754
459.73,-7.5592e-05,0.029754
459.85,-7.0276e-05,0.029754
459.98,-6.4382e-05,0.029754
460.1,-5.8003e-05,0.029754
460.22,-5.1234e-05,0.029754
460.34,-4.417e-05,0.029754
460.46,-3.6905e-05,0.029754
460.58,-2.9533e-05,0.029754
460.7,-2.215e-05,0.029754
460.82,-1.4848e-05,0.029754
460.95,-7.7228e-06,0.029754
461.07,-8.68e-07,0.029754
461.19,5.6224e-06,0.029754
461.31,1.1654e-05,0.029754
461.43,1.7134e-05,0.029754
461.55,2.1968e-05,0.029754
461.67,2.6062e-05,0.029754
461.79,2.9323e-05,0.029754
461.91,3.1657e-05,0.029754
462.03,3.297e-05,0.029754
462.16,3.317e-05,0.029754
462.28,3.2162e-05,0.029754
462.4,2.9854e-05,0.029754
462.52,2.6153e-05,0.029754
462.52,2.6153e-05,0.030126
462.64,2.2439e-05,0.030126
462.76,2.0092e-05,0.030126
462.88,1.9017e-05,0.030126
463,1.9119e-05,0.030126
463.12,2.0304e-05,0.030126
463.24,2.2477e-05,0.030126
463.36,2.5543e-05,0.030126
463.48,2.9409e-05,0.030126
463.6,3.3979e-05,0.030126
463.73,3.916e-05,0.030126
463.85,4.4856e-05,0.030126
463.97,5.0975e-05,0.030126
464.09,5.7421e-05,0.030126
464.21,6.4101e-05,0.030126
464.33,7.0921e-05,0.030126
464.45,7.7787e-05,0.030126
464.57,8.4605e-05,0.030126
464.69,9.1281e-05,0.030126
464.81,9.7722e-05,0.030126
464.93,0.00010383,0.030126
465.05,0.00010952,0.030126
465.17,0.0001147,0.030126
465.29,0.00011926,0.030126
465.41,0.00012312,0.030126
465.53,0.00012619,0.030126
465.65,0.00012837,0.030126
465.77,0.00012956,0.030126
465.89,0.00012968,0.030126
466.01,0.00012864,0.030126
466.13,0.00012633,0.030126
466.25,0.00012267,0.030126
466.37,0.00011756,0.030126
466.49,0.00011092,0.030126
466.61,0.00010264,0.030126
466.73,9.264e-05,0.030126
466.85,8.0825e-05,0.030126
466.97,6.7102e-05,0.030126
467.09,5.138e-05,0.030126
467.21,3.3565e-05,0.030126
467.33,1.3567e-05,0.030126
467.33,1.3567e-05,0.030716
467.45,-6.4073e-06,0.030716
467.57,-2.4151e-05,0.030716
467.69,-3.9758e-05,0.030716
467.81,-5.3324e-05,0.030716
467.93,-6.4943e-05,0.030716
468.05,-7.471e-05,0.030716
468.17,-8.2718e-05,0.030716
468.29,-8.9063e-05,0.030716
468.41,-9.3838e-05,0.030716
468.53,-9.7139e-05,0.030716
468.65,-9.9058e-05,0.030716
468.77,-9.969e-05,0.030716
468.89,-9.9129e-05,0.030716
469.01,-9.747e-05,0.030716
469.13,-9.4805e-05,0.030716
469.25,-9.1229e-05,0.030716
469.37,-8.6836e-05,0.030716
469.49,-8.1718e-05,0.030716
469.61,-7.5971e-05,0.030716
469.72,-6.9687e-05,0.030716
469.84,-6.296e-05,0.030716
469.96,-5.5884e-05,0.030716
470.08,-4.8551e-05,0.030716
470.2,-4.1056e-05,0.030716
470.32,-3.349e-05,0.030716
470.44,-2.5948e-05,0.030716
470.56,-1.8522e-05,0.030716
470.68,-1.1306e-05,0.030716
470.8,-4.392e-06,0.030716
470.92,2.1267e-06,0.030716
471.04,8.1575e-06,0.030716
471.16,1.3608e-05,0.030716
471.27,1.8384e-05,0.030716
471.39,2.2395e-05,0.030716
471.51,2.5548e-05,0.030716
471.63,2.775e-05,0.030716
471.75,2.891e-05,0.030716
471.87,2.8934e-05,0.030716
471.99,2.773e-05,0.030716
472.11,2.5208e-05,0.030716
472.11,2.5208e-05,0.03108
472.23,2.2672e-05,0.03108
472.35,2.1427e-05,0.03108
472.46,2.1381e-05,0.03108
472.58,2.2438e-05,0.03108
472.7,2.4507e-05,0.03108
472.82,2.7493e-05,0.03108
472.94,3.1303e-05,0.03108
473.06,3.5844e-05,0.03108
473.18,4.1022e-05,0.03108
473.3,4.6745e-05,0.03108
473.41,5.2919e-05,0.03108
473.53,5.9452e-05,0.03108
473.65,6.625e-05,0.03108
473.77,7.3221e-05,0.03108
473.89,8.0271e-05,0.03108
474.01,8.7309e-05,0.03108
474.13,9.4241e-05,0.03108
474.25,0.00010097,0.03108
474.36,0.00010742,0.03108
474.48,0.00011348,0.03108
474.6,0.00011906,0.03108
474.72,0.00012408,0.03108
474.84,0.00012844,0.03108
474.96,0.00013204,0.03108
475.07,0.0001348,0.03108
475.19,0.00013663,0.03108
475.31,0.00013742,0.03108
475.43,0.0001371,0.03108
475.55,0.00013556,0.03108
475.67,0.00013273,0.03108
475.78,0.00012849,0.03108
475.9,0.00012277,0.03108
476.02,0.00011548,0.03108
476.14,0.00010651,0.03108
476.26,9.5787e-05,0.03108
476.37,8.321e-05,0.03108
476.49,6.869e-05,0.03108
476.61,5.2138e-05,0.03108
476.73,3.3461e-05,0.03108
476.85,1.2569e-05,0.03108
476.85,1.2569e-05,0.031697
476.96,-8.2981e-06,0.031697
477.08,-2.6903e-05,0.031697
477.2,-4.3339e-05,0.031697
477.32,-5.7699e-05,0.031697
477.44,-7.0077e-05,0.031697
477.55,-8.0567e-05,0.031697
477.67,-8.9261e-05,0.031697
477.79,-9.6253e-05,0.031697
477.91,-0.00010164,0.031697
478.03,-0.0001055,0.031697
478.14,-0.00010795,0.031697
478.26,-0.00010906,0.031697
478.38,-0.00010894,0.031697
478.5,-0.00010767,0.031697
478.61,-0.00010535,0.031697
478.73,-0.00010208,0.031697
478.85,-9.7934e-05,0.031697
478.97,-9.3018e-05,0.031697
479.08,-8.7422e-05,0.031697
479.2,-8.1238e-05,0.031697
479.32,-7.4558e-05,0.031697
479.44,-6.7474e-05,0.031697
479.56,-6.0079e-05,0.031697
479.67,-5.2466e-05,0.031697
479.79,-4.4726e-05,0.031697
479.91,-3.6951e-05,0.031697
480.02,-2.9233e-05,0.031697
480.14,-2.1665e-05,0.031697
480.26,-1.4338e-05,0.031697
480.38,-7.3437e-06,0.031697
480.49,-7.7407e-07,0.031697
480.61,5.2793e-06,0.031697
480.73,1.0725e-05,0.031697
480.85,1.5471e-05,0.031697
480.96,1.9426e-05,0.031697
481.08,2.25e-05,0.031697
481.2,2.46e-05,0.031697
481.31,2.5636e-05,0.031697
481.43,2.5516e-05,0.031697
481.55,2.4149e-05,0.031697
481.55,2.4149e-05,0.032052
481.67,2.2769e-05,0.032052
481.78,2.2607e-05,0.032052
481.9,2.3571e-05,0.032052
482.02,2.5568e-05,0.032052
482.13,2.8506e-05,0.032052
482.25,3.2293e-05,0.032052
482.37,3.6836e-05,0.032052
482.49,4.2044e-05,0.032052
482.6,4.7824e-05,0.032052
482.72,5.4084e-05,0.032052
482.84,6.0733e-05,0.032052
482.95,6.7678e-05,0.032052
483.07,7.4828e-05,0.032052
483.19,8.2091e-05,0.032052
483.3,8.9375e-05,0.032052
483.42,9.6588e-05,0.032052
483.54,0.00010364,0.032052
483.65,0.00011044,0.032052
483.77,0.00011689,0.032052
483.89,0.00012291,0.032052
484,0.0001284,0.032052
484.12,0.00013327,0.032052
484.24,0.00013743,0.032052
484.35,0.00014079,0.032052
484.47,0.00014326,0.032052
484.59,0.00014475,0.032052
484.7,0.00014517,0.032052
484.82,0.00014442,0.032052
484.94,0.00014241,0.032052
485.05,0.00013907,0.032052
485.17,0.00013428,0.032052
485.28,0.00012797,0.032052
485.4,0.00012004,0.032052
485.52,0.00011041,0.032052
485.63,9.8983e-05,0.032052
485.75,8.5667e-05,0.032052
485.87,7.0375e-05,0.032052
485.98,5.3016e-05,0.032052
486.1,3.3501e-05,0.032052
486.21,1.174e-05,0.032052
486.21,1.174e-05,0.032696
486.33,-9.9958e-06,0.032696
486.45,-2.9439e-05,0.032696
486.56,-4.6681e-05,0.032696
486.68,-6.1815e-05,0.032696
486.8,-7.4933e-05,0.032696
486.91,-8.6127e-05,0.032696
487.03,-9.549e-05,0.032696
487.14,-0.00010311,0.032696
487.26,-0.00010909,0.032696
487.38,-0.00011351,0.032696
487.49,-0.00011647,0.032696
487.61,-0.00011805,0.032696
487.72,-0.00011836,0.032696
487.84,-0.00011748,0.032696
487.96,-0.00011551,0.032696
488.07,-0.00011253,0.032696
488.19,-0.00010863,0.032696
488.3,-0.00010392,0.032696
488.42,-9.8477e-05,0.032696
488.53,-9.2397e-05,0.032696
488.65,-8.577e-05,0.032696
488.77,-7.8688e-05,0.032696
488.88,-7.1242e-05,0.032696
489,-6.3524e-05,0.032696
489.11,-5.5623e-05,0.032696
489.23,-4.7633e-05,0.032696
489.34,-3.9643e-05,0.032696
489.46,-3.1744e-05,0.032696
489.58,-2.4027e-05,0.032696
489.69,-1.6583e-05,0.032696
489.81,-9.5035e-06,0.032696
489.92,-2.8779e-06,0.032696
490.04,3.2029e-06,0.032696
490.15,8.6483e-06,0.032696
490.27,1.3368e-05,0.032696
490.38,1.7272e-05,0.032696
490.5,2.0269e-05,0.032696
490.61,2.2269e-05,0.032696
490.73,2.3183e-05,0.032696
490.84,2.2921e-05,0.032696
490.84,2.2921e-05,0.033044
490.96,2.2645e-05,0.033044
491.08,2.3517e-05,0.033044
491.19,2.5447e-05,0.033044
491.31,2.8343e-05,0.033044
491.42,3.2114e-05,0.033044
491.54,3.6668e-05,0.033044
491.65,4.1914e-05,0.033044
491.77,4.7762e-05,0.033044
491.88,5.412e-05,0.033044
492,6.0898e-05,0.033044
492.11,6.8004e-05,0.033044
492.23,7.5348e-05,0.033044
492.34,8.2838e-05,0.033044
492.46,9.0385e-05,0.033044
492.57,9.7898e-05,0.033044
492.69,0.00010529,0.033044
492.8,0.00011246,0.033044
492.92,0.00011933,0.033044
493.03,0.0001258,0.033044
493.15,0.00013178,0.033044
493.26,0.00013719,0.033044
493.38,0.00014193,0.033044
493.49,0.00014592,0.033044
493.61,0.00014906,0.033044
493.72,0.00015126,0.033044
493.84,0.00015244,0.033044
493.95,0.0001525,0.033044
494.07,0.00015135,0.033044
494.18,0.00014891,0.033044
494.29,0.00014509,0.033044
494.41,0.00013979,0.033044
494.52,0.00013293,0.033044
494.64,0.00012442,0.033044
494.75,0.00011416,0.033044
494.87,0.00010207,0.033044
494.98,8.8067e-05,0.033044
495.1,7.2052e-05,0.033044
495.21,5.394e-05,0.033044
495.33,3.3641e-05,0.033044
495.44,1.1068e-05,0.033044
495.44,1.1068e-05,0.033717
495.55,-1.1476e-05,0.033717
495.67,-3.1688e-05,0.033717
495.78,-4.9661e-05,0.033717
495.9,-6.5484e-05,0.033717
496.01,-7.925e-05,0.033717
496.13,-9.105e-05,0.033717
496.24,-0.00010097,0.033717
496.35,-0.00010911,0.033717
496.47,-0.00011556,0.033717
496.58,-0.00012041,0.033717
496.7,-0.00012374,0.033717
496.81,-0.00012566,0.033717
496.93,-0.00012625,0.033717
497.04,-0.0001256,0.033717
497.15,-0.0001238,0.033717
497.27,-0.00012094,0.033717
497.38,-0.00011712,0.033717
497.5,-0.00011242,0.033717
497.61,-0.00010694,0.033717
497.72,-0.00010077,0.033717
497.84,-9.3986e-05,0.033717
497.95,-8.6692e-05,0.033717
498.07,-7.8975e-05,0.033717
498.18,-7.0925e-05,0.033717
498.29,-6.2632e-05,0.033717
498.41,-5.4186e-05,0.033717
498.52,-4.5677e-05,0.033717
498.64,-3.7196e-05,0.033717
498.75,-2.8831e-05,0.033717
498.86,-2.0673e-05,0.033717
498.98,-1.2811e-05,0.033717
499.09,-5.3352e-06,0.033717
499.2,1.6647e-06,0.033717
499.32,8.0993e-06,0.033717
499.43,1.3879e-05,0.033717
499.55,1.8915e-05,0.033717
499.66,2.3117e-05,0.033717
499.77,2.6397e-05,0.033717
499.89,2.8665e-05,0.033717
500,2.9833e-05,0.033717
