1,-849.218724261,-168.927750324
2,-798.241537566,-111.690613454
3,-496.762647771,-90.5212529766
4,-258.42705347,13.8211495813
5,3.43676732379,21.8617105964
6,13.6135169608,25.5696691291
7,15.0534197205,38.8331043454
8,15.4206400197,39.8396451752
9,1.91469950685,36.7015159884
10,12.0930737167,41.2554902189
11,16.0810231685,41.9536330581
12,17.298173508,42.9832870747
13,19.8708900004,43.4733669801
14,3.22863601213,44.741445331
15,23.0908208297,39.8628463184
16,22.6490839012,45.325669239
17,24.6302939158,45.6098179696
18,20.7425439522,32.0052546153
19,24.3234321684,41.0930593757
20,24.1286064057,46.1780800043
21,27.2145564117,45.732806629
22,30.2724043956,46.6283086117
23,32.6225626993,37.2020967751
24,35.5124011153,46.3778186216
25,3.22739833049,46.116301256
26,37.2193614603,30.6906303646
27,17.2017170807,46.9235514821
28,31.1746318597,41.8931567793
29,35.7305765116,46.53674658
30,34.8076237594,38.4374619266
31,32.9220139868,46.3018367575
32,36.7004808062,46.3937897847
33,37.0947178103,46.787945569
34,39.3734409478,47.1931370563
35,20.3475130202,34.2818330965
36,40.831544454,38.3968502616
37,40.3567267527,47.2336923662
38,41.4348186184,47.1993277236
39,11.0954966984,47.6097331013
40,42.3751518466,30.5033875224
41,31.5731925238,43.9137351711
42,16.0806735922,47.9808769621
43,41.3664997019,43.7481994595
44,41.0254633241,47.903783218
45,37.2804649317,47.8816869363
46,42.1857326153,48.0735046681
47,37.8912182568,44.2601523978
48,42.3731819582,48.157158954
49,41.9122677066,48.1766843259
50,32.9228586784,48.4403161081
51,43.3082650006,43.2832990379
52,42.7060715971,42.0565187973
53,35.9622365311,48.1825137459
54,38.8520778905,48.5195450025
55,43.4984034472,48.7855677321
56,42.6232724983,29.4175218978
57,28.311971602,49.2120197434
58,45.0074347399,48.9502880308
59,44.9631111819,49.3040656104
60,46.7881740897,17.2509790965
61,-9.52073236867,49.4171253478
62,47.1225301954,34.9232027098
63,25.9865372022,44.9400686709
64,45.875528475,44.8308168115
65,46.1633802841,48.7966168202
66,47.1562984574,48.9541129102
67,17.4428694116,49.1717379821
68,38.3827943012,26.9408517528
69,47.2628360541,44.7711548762
70,30.3312071976,49.1911467593
71,41.3303106685,49.0754404123
72,46.7914159778,38.7479665934
73,46.7761779955,49.4909768916
74,47.3136888706,49.3871914123
75,43.5177566557,49.5164432211
76,47.9564995804,49.5852672268
77,47.7956447915,30.52114624
78,43.0541070795,49.8567778483
79,47.9918262614,45.6047735791
80,47.7476981749,49.638171086
81,48.3262604701,49.8135848697
82,42.6522890638,50.0194802341
83,39.8901875617,44.851954813
84,47.8641389497,42.8994992794
85,48.0708777861,50.2153279724
86,48.4466757717,49.9640478043
87,44.1732097193,50.2144693181
88,48.238465726,45.597007217
89,44.6451138479,50.338593307
90,48.6325613618,-9.9723332535
91,49.0119533232,50.2221461484
92,49.4149155207,20.6271639518
93,13.7977467528,-97.8234011133
94,49.2422283113,50.1886217323
95,44.6746786398,50.124859921
96,48.6932502083,37.0717348868
97,48.2169650585,39.9089002038
98,44.5578764593,50.0233047615
99,48.6206040316,49.8789512534
100,48.453595638,49.8737539875
101,44.5704078434,50.2890839669
102,48.6853807498,50.4873154443
103,48.6191112973,50.9442453647
104,48.5444883122,14.6274454598
105,49.1276222452,37.8310745287
106,49.3634176313,50.7419817448
107,39.83354403,46.6129249537
108,38.0717514559,29.5133807184
109,49.5382212456,50.5466515591
110,45.1512264323,50.6891684933
111,30.8410922753,50.783841622
112,49.073046237,30.1993645243
113,49.1262746338,50.7413187185
114,49.487874817,50.7349581264
115,49.4491498505,50.7665173566
116,45.6438418011,38.4439297376
117,49.7305913654,46.0084344494
118,44.3949014823,50.6521967955
119,38.3176774301,50.5344136356
120,49.5585805774,50.644155473
121,49.7254175749,50.89948704
122,49.9141378692,51.0488519161
123,43.7685765034,46.0893044046
124,49.8866016103,51.0382985734
125,49.9766456702,50.9622062335
126,50.1046093274,51.0953015297
127,46.4271412122,50.9786336321
128,46.1395281519,51.0479810253
129,50.2172988632,51.2381903946
130,38.5219307865,35.0409109075
131,50.2212499532,51.2905116898
132,50.3870664538,51.2686272565
133,41.7398225184,51.3921822945
134,46.0751215495,39.0693753647
135,50.0843739412,41.1628298592
136,50.1906799125,51.2481784342
137,50.3529684345,51.192515728
138,46.3093629494,51.3206629594
139,50.5131217271,45.2567513788
140,50.5900316199,51.2832841763
141,50.742877468,51.2881362859
142,33.2944296922,51.4615396208
143,50.6120250684,45.761380895
144,50.5685476686,51.48760555
145,50.6777275393,51.456908795
146,50.8833737408,51.5291494173
147,46.6455861251,38.2654382251
148,50.8575012193,51.4075798914
149,42.8934883209,51.5206106307
150,50.729259264,45.3081241716
151,50.7868578726,51.5706887061
152,26.600934761,51.3974324707
153,50.7111051622,51.5260585992
154,50.6584380821,51.6055274292
155,50.8511616932,36.9504134315
156,36.2501307339,51.5749641038
157,50.9781966328,51.5676433874
158,50.9540724099,51.5910281875
159,51.0941925238,51.7608441592
160,-1.67172545425,51.7986972708
161,18.1918268036,37.4525715242
162,43.2273979754,51.8350008077
163,51.0316361328,51.8229166162
164,51.1729921204,51.8725942836
165,46.198300798,40.6091967487
166,47.1664755865,51.8799540372
167,51.0883226898,51.7743835404
168,33.7509240049,46.2939288149
169,51.0322359333,51.7610864588
170,51.133058984,51.757883451
171,51.223268528,-21.4463797009
172,51.2482341051,-66.1764578387
173,-6.3140716518,51.7846584847
174,51.3753238525,34.5652125619
175,51.2047637275,51.8126683372
176,51.2113431865,51.8480375562
177,27.1488795734,51.8421590831
178,51.0892063587,51.9093544451
179,51.0674216707,51.9085584635
180,34.1823799679,51.9684067104
181,42.4736398852,45.7121519694
182,51.0192514394,51.9978722623
183,46.9339877995,51.871381063
184,39.0589057324,51.9812359724
185,40.1798574686,52.0262422813
186,50.8817513971,31.4506949014
187,50.937184265,52.0840698368
188,50.9959210333,52.2060320557
189,40.0523158077,26.6148432866
190,51.1342490766,40.7149135656
191,51.0414060135,48.0590085048
192,51.2559361807,52.1109816495
193,39.0321475092,52.1126670761
194,51.3184577466,52.1335019654
195,51.2853528113,52.1987158796
196,51.3965907986,52.2498386545
197,41.2167379005,52.250270897
198,43.963629483,48.0403585908
199,51.3048934175,52.1840329467
200,51.4143957571,46.7152887101
201,51.4543498662,52.210078834
202,25.2172828441,52.2167926118
203,51.5091854113,52.1878648826
204,51.5111626592,52.2296259968
205,40.4399143261,52.2526337089
206,51.4334209856,52.2719260073
207,51.4547517859,48.2547860857
208,51.5598807433,52.2460083345
209,16.5483364927,47.7380126581
210,51.6483771106,52.2169558448
211,10.8457341948,52.2490465445
212,36.2810243676,52.2742337382
213,51.5288166073,40.6014860296
214,51.5508455045,52.2671855015
215,44.8438421421,52.3056212573
216,51.4624118773,52.3578442994
217,47.119117068,52.3204107401
218,51.4345591259,52.3632550821
219,51.5091960302,52.4301274645
220,51.4913070307,52.4616374945
221,46.0848166715,27.4349770731
222,51.5520233449,47.5656664596
223,51.5526082693,52.395690126
224,51.5787740568,52.3704044096
225,51.6496690821,52.417709304
226,51.7144876661,37.9345947562
227,51.7808113515,45.2649277521
228,47.8154972867,52.3261056251
229,51.9105058623,52.3586336997
230,35.2301405977,52.3873362408
231,51.8423536555,52.457641539
232,40.7753392024,31.3577375819
233,51.787083895,39.5089749091
234,51.8894664847,52.3923556273
235,51.8982235395,7.78577909365
236,43.7163933105,52.4052903046
237,51.8821415173,36.4637315368
238,51.9300419802,52.4067198928
239,51.9825429136,52.4022613134
240,51.989874475,52.4408311305
241,45.9397223545,46.9620784778
242,52.0921790908,52.4707758835
243,52.1047446014,46.5584334401
244,46.580589669,46.1365324151
245,52.1336481539,52.4020624698
246,52.161872667,52.3689627515
247,52.1550925738,52.4110237371
248,52.1727734783,52.4528667616
249,52.2357649801,39.3605512543
250,52.3093009429,52.3967130207
251,52.3335855025,46.6417438377
252,46.6999408938,52.4103216207
253,52.3538512712,52.4637002104
254,52.3825947181,52.4625943079
255,31.8267595393,52.4148424388
256,52.2973906731,52.4507619983
257,52.2991086497,52.483802618
258,52.3587805425,52.4668567504
259,45.1316537017,34.6883820673
260,52.3346152315,52.459351991
261,52.3189364511,52.4595412244
262,52.3665527103,52.4713468275
263,23.5735553818,52.4885011324
264,52.3913580396,52.4925869155
265,38.45436091,52.4875107684
266,52.3555534292,34.0854708423
267,52.3429169546,45.9036999338
268,52.3696201953,52.4604053771
269,52.4319519373,52.3947181694
270,44.980548733,52.4302650911
271,52.4387342,52.444190939
272,52.4036410755,52.4878796184
273,45.4436982398,41.8139875516
274,52.3783680358,52.4859904364
275,52.4001470938,40.7609546356
276,46.6728955804,47.0054261874
277,52.393594054,52.4705943753
278,52.4139248323,52.4728568698
279,52.409760628,52.4957732659
280,52.4545707998,52.4951332611
281,52.4782706321,52.4912294853
282,52.5019413196,52.4958276144
283,45.5542130782,52.504644424
284,46.9847207749,52.5063283334
285,52.5344947043,52.5095220644
286,52.536676674,52.5063782832
287,52.5348174426,39.6205689879
288,52.5330448436,52.5047367482
289,52.5248821659,52.5059342456
290,52.5507420081,52.5217772786
291,23.8713829512,39.9089647059
292,45.7703506054,52.4911777266
293,52.5248893692,52.4922271059
294,52.5279761788,52.4979293181
295,45.5640276224,31.2128917429
296,52.4970985054,52.5043678095
297,52.5208431014,52.4900895079
298,52.5380439967,38.1562060922
299,52.5365439896,52.5
300,52.5842169794,52.5008787303
301,45.1126167714,52.5013428692
302,52.5841436605,52.4994179124
303,52.586036941,37.8703011217
304,45.5533168294,52.5049054615
305,52.5733852695,52.5469044232
306,52.5610354284,46.351274806
307,52.5618164584,31.3482392053
308,45.9299357778,52.5398579298
309,52.5322661336,52.5092866141
310,52.5744349428,52.4869034816
311,52.6029534516,52.4831890948
312,52.6039929302,52.5025032915
313,45.825555681,40.0413487053
314,52.6066829499,52.5094438984
315,52.6324511467,52.5189552598
316,45.879210274,52.554925886
317,52.5863733766,45.9960565646
318,52.5666453319,52.5181231673
319,52.6255357686,52.5046545499
320,52.6456369354,52.5043704596
321,10.7160892575,52.5
322,52.619126089,52.4945212408
323,38.2642191163,52.4852435864
324,52.6265978367,52.5
325,36.7043435899,52.495420142
326,52.597946194,52.5248567658
327,36.3519401013,46.9326019903
328,52.6107365533,52.5102420265
329,52.6112471597,52.5058121079
330,52.6442892198,37.2783375216
331,45.5324629804,52.5388426475
332,52.5914909723,52.5261972224
333,52.6161844145,52.5511515449
334,52.6381116603,47.4779859331
335,52.6318456177,52.5290631759
336,24.5432178383,52.5168217994
337,52.6285743827,52.5186165531
338,52.6367492033,48.0760152955
339,45.2835907091,52.5096573372
340,52.6067544267,52.5001205583
341,41.6089800015,52.5029349186
342,52.6285912183,52.4944460274
343,52.6489547714,52.5044817812
344,52.6697624966,10.8432298142
345,52.6964097883,52.5150481339
346,52.7095290468,52.5150513582
347,9.58582626757,52.5281227082
348,46.9297546824,52.5461452849
349,52.6507614214,46.7357874817
350,52.6555225891,52.5144590286
351,52.6465044781,52.5407067921
352,9.95072870894,52.5975798796
353,52.6491033915,33.329194697
354,52.647279158,52.5685184294
355,46.9443347792,26.7383621473
356,52.6713534916,41.3735418657
357,38.3396248346,52.5595658562
358,52.6414026395,52.5628341917
359,52.639077958,43.9181032721
360,52.6617584715,52.5428559169
361,47.458832186,48.5514707655
362,52.6647128752,52.5827206865
363,52.6185212558,52.5533262491
364,52.645800534,52.562878502
365,37.6620405553,52.5929497681
366,52.7001462576,52.5908300614
367,41.7470817925,47.4445589959
368,52.6505732456,52.5826080294
369,52.6667103008,52.5994731846
370,32.5343102904,52.607341588
371,52.635268485,41.2910513925
372,52.6790259959,47.174151691
373,48.4132231126,52.5316317444
374,52.6516875012,52.6034415379
375,52.6631614153,38.8069800523
376,52.6742570914,52.5764278903
377,52.6892550762,52.5785527606
378,30.6595907156,52.5622142542
379,52.7079060829,52.626944514
380,52.7036179978,52.6391952027
381,42.3271211118,52.6294528211
382,52.6861622218,52.6256208262
383,52.6629329894,52.656109895
384,36.9415405834,27.1316409816
385,52.6873401364,41.8190153376
386,52.6907033337,52.6277406221
387,48.4910233456,52.5963524869
388,52.6545551133,52.6272549497
389,52.6560806147,52.5934979165
390,52.6611425247,52.6241132279
391,52.6706765002,52.6285898835
392,52.7037372858,52.6178070604
393,52.7360915038,52.632701917
394,46.1982225299,39.2840177272
395,52.729260524,52.6262307763
396,52.6573758134,52.6249364955
397,52.7042327422,52.6377891272
398,52.7450913266,45.6209425585
399,52.7324493391,45.7916808019
400,52.7460428224,52.6294693045
401,47.1690779397,46.4046766274
402,52.75,52.6393963057
403,36.2468697148,52.6348194549
404,52.7490864791,52.6458966878
405,52.7454888174,39.7077317498
406,52.7372120147,52.6406389839
407,44.3678876289,52.651568318
408,52.702606327,52.6547522344
409,52.6831389138,52.6788206087
410,52.6960829316,41.2410381443
411,52.7208407641,52.6616843394
412,52.7208078344,52.6808357788
413,52.7416594881,46.2664037344
414,52.75,52.6708307068
415,52.75,52.6934559065
416,52.733625062,35.1485351038
417,52.7476755427,47.812489728
418,30.2475609617,52.6415470743
419,52.75,52.641648341
420,52.7286657188,52.6152393683
421,52.74057483,52.6378364206
422,52.75,52.6519333759
423,52.7470279603,52.6457829198
424,52.7462418694,52.68570587
425,52.7460964952,38.8793425485
426,52.7355771658,52.6630278418
427,52.75,52.6445569282
428,52.7451893078,52.6585490366
429,52.75,52.643160381
430,46.8292070183,40.2265588084
431,52.7521903667,52.6284990149
432,52.75,52.6371788435
433,52.75,46.7017847566
434,52.75,52.6552402028
435,52.75,47.8845462925
436,52.7420821942,52.6427112146
437,47.9521540485,52.6435440447
438,52.75,52.6527870187
439,52.7455579204,52.6740314292
440,52.7461062014,47.1465054307
441,52.75,52.6603587062
442,52.7453757184,48.1071356134
443,52.7404308107,52.6549336584
444,52.75,47.648303773
445,52.75,52.6452642629
446,52.75,52.6312457682
447,52.745998866,52.6396571477
448,52.75,52.6331166297
449,52.7502893387,52.6574527558
450,52.75,52.6595361421
451,52.75,52.707659176
452,52.7465572066,30.9528866903
453,52.7532357015,52.689627624
454,46.2074709675,52.7416087401
455,52.75,33.7062127255
456,52.75,52.7456462749
457,52.75,38.7865604218
458,52.75,47.3847371393
459,52.75,46.7033337391
460,52.75,52.6821191073
461,52.7556912208,52.6651073468
462,41.9855742061,52.687509881
463,52.75,52.6778410015
464,52.75,45.0383713695
465,52.75,52.7040065651
466,52.7530074155,52.6751853317
467,43.9505441656,52.6785207997
468,52.7453676748,45.889828374
469,52.7453193368,52.7129587983
470,52.7455074786,45.6059545478
471,52.75,52.6603181587
472,33.645018552,52.637461915
473,52.7367368947,37.6298569603
474,52.75,52.6352581362
475,52.75,52.6253541603
476,43.7298182303,52.6276882315
477,52.7213421934,52.6428851936
478,52.7357908737,52.6268248956
479,52.7374436179,52.6408153843
480,52.7292987064,52.6543954427
481,52.75,52.6708631493
482,52.7448204495,38.6352468678
483,52.75,45.343901078
484,52.75,52.6532311097
485,52.75,52.6371049315
486,52.75,52.6444698316
487,52.75,52.6450821388
488,46.7800026983,52.6882845391
489,52.75,52.7096622354
490,52.7450169195,52.7271734576
491,52.75,52.7443445239
492,52.75,38.412664202
493,52.7454409305,52.7369389364
494,52.7353763011,52.6599949948
495,52.7446475413,52.6967954285
496,46.2222470841,30.7410024872
497,52.75,52.7084348946
498,52.7210311007,52.6998890929
499,52.7227256007,45.7553038034
500,52.75,52.6925452375
501,52.75,45.1982392853
502,52.7428295029,45.8716209142
503,29.8707608184,52.6354864917
504,52.7461951942,52.6379334584
505,52.7430612497,52.6276349216
506,52.7471719485,52.6408586109
507,52.7260184361,52.643915061
508,45.3862513393,52.6593418762
509,52.7450259639,46.7203776875
510,52.7452633939,47.003484791
511,42.1413181262,52.6478131595
512,52.7547136029,46.4712283346
513,52.7223728131,52.6314167591
514,52.7049206263,52.6340932838
515,52.7396942237,52.6332948891
516,52.7453333538,52.6392824882
517,52.7398694618,45.5118860041
518,52.7549383758,52.674647901
519,40.4359389046,52.6522232033
520,52.7503446764,52.6849203681
521,52.7456673964,45.3092471672
522,52.75,52.6474617175
523,52.75,52.6430390772
524,52.7488581632,52.6431976548
525,52.749830625,46.7163758788
526,52.75,45.520281659
527,32.1319598221,52.6345464445
528,52.75,52.6250391003
529,46.1923292989,52.5934110451
530,52.75,52.6002761121
531,52.75,52.6253091225
532,52.75,52.6351908422
533,52.745807512,52.6139871204
534,46.2142311698,52.6553031099
535,47.0391571517,45.216981198
536,52.7128234931,52.6343149027
537,52.7346145619,52.6677585752
538,52.6988347842,52.6651122653
539,52.6878936361,52.6946707273
540,52.7337215222,29.4102258553
541,46.4957727353,52.7005639418
542,52.696013959,46.2260932471
543,52.6988972042,52.6791313045
544,52.7410087005,52.6439970956
545,52.7361014397,52.6473349484
546,52.75,52.653047628
547,52.75,52.6726069826
548,52.75,52.6622010102
549,52.7546901584,38.7833361069
550,52.7528959268,52.6900460298
551,44.5636515552,52.6450057557
552,41.1616663046,52.6295684698
553,52.75,52.623884479
554,52.7130745987,52.6107031762
555,52.7208513091,52.6299855864
556,52.6939070558,52.6509485328
557,52.7412847703,52.6810600994
558,52.7456350292,38.0377900524
559,52.7462468483,52.6924109605
560,52.75,47.8001666027
561,52.75,52.6473485536
562,52.75,48.5303730746
563,52.75,52.6522302029
564,52.75,52.6480928001
565,52.7473442291,45.6246273638
566,52.75,52.6357419565
567,52.75,52.6034347517
568,52.7550929842,52.5849525673
569,52.7487525171,52.6199535932
570,20.9124336443,52.5951053887
571,40.1882462365,52.5918090492
572,29.3927024805,52.6009299236
573,52.7549951753,52.6419328185
574,52.7547163734,52.6631831216
575,52.7549138874,52.6518299329
576,46.7504787678,52.6783450203
577,52.75,45.6362560218
578,52.7505574065,52.6777151165
579,46.2617323871,52.679648015
580,52.75,52.7147229035
581,52.7645423895,52.705206467
582,52.7607035715,33.1881880986
583,45.4322768216,23.8370956779
584,52.75,52.686621931
585,52.754781404,46.15967127
586,52.7563594054,52.645622931
587,52.75,52.6355068743
588,52.75,52.6477499492
589,52.7548504908,52.6392262699
590,52.75,39.3420171714
591,52.75,52.6812870525
592,52.75,52.6931864849
593,52.75,34.5874044179
594,47.5271574993,52.6777752829
595,52.7457816023,52.6477622253
596,52.7316017581,32.7662839433
597,52.7093888015,52.6385885485
598,46.2427673619,48.0255714707
599,52.7155590683,52.5915560366
600,52.7326997743,45.3649515431
601,52.7266953118,52.5953847956
602,52.75,38.3872451584
603,52.75,52.6222934273
604,52.7413285052,52.6260848523
605,52.75,52.6310725502
606,52.75,46.2770139237
607,52.7548119868,52.6153816321
608,41.030825172,52.588133001
609,52.75,52.6229248768
610,52.75,45.075622115
611,52.75,17.2821029171
612,52.75,44.6380236495
613,52.7533666182,38.063922802
614,52.75,52.5690824061
615,52.7370743724,52.5345572153
616,52.75,52.5438337329
617,52.75,52.563446291
618,48.2239211729,-123.064939287
619,52.75,52.5914712565
620,52.7316059191,52.5756180861
621,52.75,52.5980470818
622,52.75,52.6143347966
623,52.7400407587,52.6042818134
624,52.75,52.6080679207
625,48.0863472774,52.6015969215
626,52.75,52.5833807169
627,52.75,52.6141527426
628,44.3610576127,52.6288673289
629,47.7913259668,52.6351542871
630,52.7451501479,52.6555340573
631,52.75,52.6523993496
632,52.7452864059,45.6839352805
633,52.75,52.6881911174
634,52.75,52.6970044457
635,52.7412660518,46.0207250314
636,52.7463444406,45.2927686721
637,52.7463248381,52.640430667
638,52.75,52.6628158522
639,52.75,52.6269373998
640,52.75,52.6350815387
641,52.7458632026,52.6299542173
642,52.75,52.6173926917
643,52.7531567357,52.6333252981
644,52.7506955332,52.6436279547
645,48.2584991968,52.6294767559
646,52.7523759052,52.6268705583
647,52.75,52.6387025299
648,52.75,52.6448149703
649,52.75,52.6764837186
650,52.7506885556,52.6659843659
651,52.7520901472,40.3050562594
652,52.75,52.6730731994
653,-17.6791434798,52.6680427364
654,52.7466610373,52.7235846215
655,52.75,52.7069739514
656,52.75,28.1179865177
657,52.75,52.7316788994
658,52.75,46.9028146999
659,52.75,52.7103007927
660,52.75,52.7198628656
661,52.75,52.7271828855
662,52.75,48.6241478243
663,52.75,52.7306791302
664,52.7455240061,46.389603819
665,52.75,52.7358570868
666,52.75,52.7464466843
667,52.75,42.8544481276
668,52.75,52.7337449303
669,52.73,52.7165072141
670,18.1536940012,52.7222657517
671,52.7522416428,52.6994419486
672,52.75,52.7063201532
673,39.3965598355,52.7440129567
674,17.9272613502,39.2060924549
675,52.75,52.741035965
676,52.75,52.7195105451
677,52.75,52.7117435319
678,52.7449443513,52.7348322615
679,26.3622559431,48.1984168804
680,52.7511453013,52.7329151333
681,52.75,52.7474916939
682,40.0322667404,52.7457891745
683,52.75,52.7335723229
684,52.75,48.4739633936
685,52.75,52.7457103565
686,39.9837961498,48.4963750698
687,52.75,52.7448789647
688,39.9747218867,52.7084968506
689,39.5723524069,52.7454789383
690,52.7529890406,52.7164037853
691,52.7387116564,52.75
692,52.7453284557,52.75
693,52.75,52.7409428645
694,52.75,35.598514698
695,52.75,52.75
696,52.75,52.7083945943
697,52.75,52.7319749943
698,52.75,52.7418890195
699,52.7472573897,46.4105382933
700,52.7449855816,52.7401650199
701,52.75,52.7105100325
702,52.75,52.741172185
703,52.7452178085,52.7408105148
704,39.4657463884,39.5884753614
705,38.9991469741,47.1044863391
706,52.7546936016,46.2312281731
707,52.7545380483,52.6890997605
708,39.5956717097,52.6530374587
709,27.2322843877,52.6885086463
710,52.75,52.669225686
711,52.7450586058,52.7156955009
712,52.75,52.7377641516
713,52.75,52.7463693428
714,52.75,52.7451728758
715,52.7446137768,52.7322982592
716,52.7451380466,39.2771356617
717,52.7450742351,52.7410832916
718,25.2740045106,52.7404608084
719,52.75,19.9073018322
720,39.8394028431,52.75
721,52.7237747648,52.7208598736
722,52.7355938478,52.719706718
723,52.6931294645,52.7411614413
724,52.7230063904,11.4400587243
725,52.7445541527,52.7307159414
726,52.7296985337,46.8040083275
727,52.7391964872,46.0470871431
728,52.7397695724,52.7451644276
729,52.75,52.6767773671
730,52.75,52.7045710587
731,52.7443304504,52.7440816574
732,52.75,52.7450904277
733,52.75,46.9479753423
734,52.7448356109,40.5651974534
735,52.75,52.7452095849
736,52.75,52.75
737,52.75,52.7455175638
738,52.75,47.2308001727
739,52.75,52.75
740,52.7552267111,52.75
741,52.7593536197,52.7456974286
742,52.7640838177,52.75
743,52.7595073889,40.7577402973
744,52.7698370968,52.7519096553
745,52.7995768335,35.5839799171
746,52.8426287563,47.6326947273
747,40.9260816098,46.251639902
748,52.8456443434,52.75
749,24.4250649701,52.7376032992
750,52.8154033011,52.6826915995
751,47.1878804497,52.7138637309
752,52.850827544,52.75
753,52.8529161323,34.115104014
754,52.8754475907,44.5428779875
755,52.8324169732,52.7351870065
756,52.8452689969,28.7113497766
757,52.8551258794,52.7445413333
758,20.8617738422,52.75
759,52.862029912,17.5788889864
760,52.8350958847,52.745338129
761,52.8388039725,43.5263316404
762,52.8599262602,52.7379328657
763,19.919898768,52.7333323992
764,52.86681369,52.7415635701
765,46.8613328907,52.720148472
766,52.824057778,52.7409462259
767,52.8318051821,52.7446383203
768,52.8281575426,43.3947918454
769,52.8545272015,52.7448242166
770,21.0494193426,35.2467783095
771,52.8345287514,52.7508778959
772,47.3664809472,52.7405894762
773,52.8487380943,52.7412075661
774,52.8151299518,52.7031556765
775,40.7097413268,52.6719768068
776,46.9965556195,52.7045932826
777,52.7841653143,52.7268058994
778,52.8097092216,52.7314975375
779,47.258258837,46.7643681655
780,52.7656254606,52.75
781,52.7645804117,52.737242241
782,52.7644614491,52.7287441401
783,52.7705914935,52.7470715625
784,52.8011413598,52.75
785,52.8222456193,52.7454995004
786,17.158389229,52.7411788609
787,47.1707108899,47.4522439514
788,52.8470079816,52.7433050807
789,52.8279735902,52.7023296126
790,47.2186022247,46.1376503265
791,52.8106579891,52.6954018789
792,52.8320466929,52.7267307494
793,52.8409345808,52.7411321461
794,52.8486474405,44.7051148243
795,52.8609353366,52.7394566008
796,52.8548604259,52.7378790858
797,40.7304862596,52.7353824951
798,52.8425254379,52.75
799,52.8111609734,52.7458290038
800,52.8381059525,30.8244785276
