1,-272.440648034,43.1134771689
2,-391.673636483,40.75
3,14.1003556836,42.8474126434
4,14.5783311193,43.1636178147
5,17.1326946495,43.0
6,18.25,42.5
7,17.75,41.8901560551
8,18.617645875,42.3952413088
9,20.868315751,44.0
10,20.25,44.3528987232
11,19.1165528956,43.25
12,19.5993319812,45.8671504174
13,25.25,45.75
14,27.0,46.5
15,27.6791309432,47.0
16,28.1235195636,46.75
17,27.1228750994,47.25
18,27.75,48.0973878371
19,28.121047703,47.5
20,28.3799661879,47.5
21,30.6444305849,47.0
22,34.1098076923,47.6543587859
23,37.9078270424,48.25
24,38.6328069323,48.25
25,41.6371821439,47.75
26,40.1116763678,48.25
27,40.5,48.4394863141
28,42.0,47.8677917977
29,40.8966524193,47.5
30,38.5,48.25
31,41.75,47.3739409081
32,40.0,47.5
33,40.25,47.9410709185
34,42.5,48.25
35,43.5,48.5
36,43.75,48.3990077593
37,43.75,48.6211659136
38,44.3961274248,49.1336786956
39,45.0,48.5
40,45.0,49.25
41,45.5,49.0
42,44.3809491424,49.0
43,44.0,49.0
44,44.5740883436,48.75
45,44.3893239924,48.6237809384
46,44.881432023,49.0
47,45.25,49.3891943782
48,45.0,48.75
49,45.114555155,49.0
50,47.25,49.6372559799
51,45.5,49.75
52,46.3828072328,49.1699630869
53,47.0,49.25
54,45.6204703558,49.3796130421
55,44.75,49.3987347197
56,45.3617148349,49.8801543033
57,47.0547225855,49.6176226952
58,47.0,49.613295133
59,47.9577211111,49.8962423149
60,48.1596003619,50.397110596
61,48.75,50.0
62,49.5,50.1219086046
63,48.25,50.0
64,47.5,50.1195823367
65,47.6368883897,49.25
66,49.4688200786,49.5
67,48.9229437293,49.6375293538
68,48.8880864654,50.25
69,48.5063365893,50.0
70,48.6435915933,49.8953929653
71,48.5750555691,49.6432321673
72,47.86434098,50.1011415229
73,49.0,50.0425932271
74,48.5,50.1391508781
75,49.0,50.0
76,49.0,50.0
77,49.25,50.6346365311
78,49.1366451129,50.5
79,48.75,50.6100168948
80,49.5,50.5
81,49.1454008764,50.5
82,49.6615092252,50.75
83,49.1407008147,51.0
84,48.75,51.25
85,49.5,50.75
86,49.877351434,50.8770626638
87,49.6318671202,50.869106915
88,49.75,50.8551983025
89,49.640953999,50.9009112284
90,49.6289717403,50.8599499092
91,49.75,51.0
92,50.0,50.75
93,50.25,50.6342187221
94,50.1273254323,51.0
95,49.8430203903,50.6401350217
96,49.3786745923,51.1293051627
97,49.25,50.75
98,49.75,50.6617241015
99,49.25,50.3948853495
100,49.3783964031,50.3898779393
101,50.0,50.75
102,49.5,51.1436348119
103,49.1469104722,51.5
104,49.1497876612,51.6418214531
105,50.0,51.4420280858
106,50.0,51.25
107,50.5695374239,51.1347752601
108,50.25,51.1268993639
109,50.1543633468,50.8754074395
110,50.4351417988,51.0
111,50.25,51.25
112,49.75,51.25
113,50.0,51.0825858672
114,50.1644525932,51.1414028095
115,50.25,51.25
116,50.3863262063,51.5
117,50.5,51.3540409581
118,50.6369068639,51.0
119,50.633932339,51.0
120,50.1599297603,51.1089627193
121,50.5,51.1564384217
122,50.5,51.4099978245
123,50.5,51.5
124,50.5,51.3384501695
125,50.25,51.25
126,50.8604235177,51.3955197983
127,50.8936962045,51.25
128,50.75,51.4685206534
129,50.6647372887,51.636379978
130,50.9361883844,51.75
131,50.6415223274,51.5
132,50.75,51.75
133,51.0,51.6479054247
134,51.0,51.75
135,50.6106781156,51.9017507289
136,50.6516153778,51.5
137,50.75,51.6595149193
138,51.0,51.6197784769
139,51.0,51.8819890915
140,51.0,51.5
141,51.3786662617,51.6245468921
142,51.25,51.6423054571
143,51.0,51.75
144,51.1303322628,51.75
145,51.0875154786,51.6427035187
146,51.3958704183,51.75
147,51.4302121524,51.75
148,51.25,51.638968012
149,51.1414571754,51.75
150,51.1339628556,51.75
151,51.1475202994,51.9031898866
152,51.25,51.6504968666
153,51.1541043427,51.75
154,51.0,51.8752408031
155,51.25,51.8820106071
156,51.4000923626,51.8089069742
157,51.3968234609,51.8724460956
158,51.25,51.8713471411
159,51.637222067,52.0
160,51.6513976398,51.9067515067
161,51.5,52.1144957918
162,51.5,52.0
163,51.3713579227,52.0
164,51.5,52.1166862409
165,51.5,52.1478109764
166,51.6425732615,52.1387667814
167,51.3969966418,52.0
168,51.5,52.0
169,51.3921256365,51.9065812
170,51.5,52.0
171,51.75,52.0
172,51.75,52.0
173,51.75,51.910392408
174,51.75,52.0
175,51.5,52.0
176,51.75,52.0
177,51.6393475968,52.0
178,51.3992522263,52.0825013912
179,51.6275208458,52.0
180,51.6483721827,52.1598668835
181,51.3903131598,52.1415814812
182,51.5,52.146605916
183,51.5726082892,52.0
184,51.5,52.1564927265
185,51.3824433823,52.25
186,51.5,52.25
187,51.4086176807,52.25
188,51.5,52.3432297904
189,51.5,52.25
190,51.5,52.25
191,51.5,52.25
192,51.6518016384,52.289374486
193,51.75,52.25
194,51.5032031658,52.25
195,51.5107747528,52.3843286006
196,51.6638814101,52.3947260892
197,51.9061794256,52.4029508431
198,51.75,52.3904713696
199,51.5,52.4049745422
200,51.6462746414,52.3710100387
201,51.8993848962,52.25
202,51.8885057652,52.3883828779
203,51.75,52.2800518698
204,51.75,52.3899710652
205,51.8833605227,52.4119795246
206,51.6527920691,52.3828591747
207,51.75,52.3896599368
208,51.87377546,52.3817621182
209,52.0,52.4039344441
210,51.8982460201,52.3810983752
211,52.0,52.4324707866
212,51.9072776392,52.4157056145
213,51.75,52.4456725491
214,51.75,52.400968292
215,51.845377968,52.4139733738
216,51.816388321,52.4593664723
217,51.9125966446,52.4195521511
218,51.75,52.5
219,51.75,52.5
220,51.6745460885,52.5
221,51.8957029678,52.5
222,51.75,52.5
223,51.9034595811,52.5
224,51.8447928601,52.5
225,51.8910782342,52.5
226,52.0,52.5
227,52.0,52.5
228,52.1592899736,52.3937600282
229,52.25,52.4161951073
230,52.156777525,52.5
231,52.1440796145,52.5
232,52.1579778981,52.5
233,52.0,52.5
234,52.0,52.5
235,52.0,52.5
236,52.1441103748,52.5
237,52.0,52.5
238,52.0,52.5
239,52.25,52.5
240,52.1633287595,52.5
241,52.3938634299,52.5
242,52.3975388389,52.5
243,52.25,52.5
244,52.25,52.5
245,52.25,52.5
246,52.3145283966,52.5
247,52.25,52.5
248,52.365036647,52.5
249,52.3971988119,52.5
250,52.5,52.5
251,52.5,52.5
252,52.5,52.5
253,52.5,52.5
254,52.5,52.5
255,52.5,52.5
256,52.4063280167,52.5
257,52.5,52.5
258,52.5,52.5
259,52.5,52.5
260,52.5,52.5
261,52.5,52.5
262,52.5,52.5
263,52.6299066787,52.5
264,52.5,52.5157313956
265,52.5,52.560207202
266,52.5,52.5
267,52.5,52.5
268,52.5,52.5
269,52.5,52.5
270,52.6178105836,52.5
271,52.6070537105,52.5
272,52.6177912414,52.6365533957
273,52.6192534278,52.5440413401
274,52.5,52.5
275,52.5,52.5127282583
276,52.5,52.5
277,52.5195511743,52.5343060581
278,52.5,52.5
279,52.5,52.5
280,52.6146501517,52.5
281,52.6476022954,52.5
282,52.6877354759,52.516452294
283,52.6460761632,52.6161106012
284,52.6687296463,52.6420024852
285,52.6570269525,52.622730524
286,52.6472360232,52.6594570801
287,52.6538032781,52.6434444443
288,52.6312386849,52.6184187053
289,52.6333016923,52.6483561408
290,52.6563005677,52.6265480046
291,52.75,52.6208850784
292,52.6610256067,52.5
293,52.6338697446,52.6059816965
294,52.6631215279,52.6073750647
295,52.6517601448,52.6286375999
296,52.6361774781,52.609195238
297,52.6526414403,52.5
298,52.6493798945,52.6203391463
299,52.6634495216,52.5
300,52.663621705,52.6355355875
301,52.75,52.6260883089
302,52.75,52.6070367977
303,52.75,52.6390052409
304,52.75,52.6345987407
305,52.75,52.6562953081
306,52.75,52.6629022493
307,52.6604979036,52.6420273703
308,52.7008114731,52.6381228801
309,52.6566783314,52.6275448671
310,52.6594628626,52.5
311,52.6603777798,52.5
312,52.75,52.6626357322
313,52.75,52.65573843
314,52.75,52.6164488995
315,52.75,52.6241050495
316,52.75,52.6628135721
317,52.7108569464,52.6506824379
318,52.6609628024,52.6315361228
319,52.75,52.6265770975
320,52.75,52.6092614911
321,52.75,52.5
322,52.75,52.5
323,52.75,52.5
324,52.75,52.5
325,52.75,52.5
326,52.75,52.6350730725
327,52.75,52.6480410842
328,52.6555830889,52.6578956355
329,52.7233077468,52.6453026963
330,52.75,52.6423228205
331,52.75,52.6389109837
332,52.6457147675,52.6515174957
333,52.75,52.6490009867
334,52.75,52.646720472
335,52.75,52.6479182819
336,52.75,52.6467144288
337,52.75,52.6322644606
338,52.75,52.6399093765
339,52.75,52.6286338718
340,52.75,52.6367768622
341,52.75,52.5733729657
342,52.75,52.5
343,52.75,52.6120445305
344,52.75,52.6292136913
345,52.75,52.6432501738
346,52.75,52.6339975311
347,52.7813040436,52.6287879615
348,52.75,52.6350607475
349,52.75,52.6626812224
350,52.75,52.617695943
351,52.75,52.6596804023
352,52.75,52.6887109662
353,52.7528073001,52.6568215822
354,52.75,52.6622652647
355,52.75,52.6808054957
356,52.75,52.6575182637
357,52.75,52.6602697744
358,52.75,52.6977319591
359,52.75,52.6435962037
360,52.75,52.6389866716
361,52.75,52.6742490576
362,52.75,52.6486759571
363,52.75,52.6917509352
364,52.7955421897,52.6593827099
365,52.75,52.6689004946
366,52.75,52.6512070456
367,52.75,52.6818071323
368,52.75,52.6582732881
369,52.75,52.6542960965
370,52.75,52.7006875129
371,52.75,52.6725486355
372,52.75,52.644494152
373,52.75,52.6513000247
374,52.75,52.6747362094
375,52.75,52.6562769444
376,52.75,52.6565138876
377,52.75,52.6472737514
378,52.75,52.6628507055
379,52.75,52.6694783124
380,52.75,52.6977515062
381,52.75,52.672213901
382,52.75,52.7131623461
383,52.75,52.75
384,52.75,52.75
385,52.75,52.75
386,52.75,52.6690197161
387,52.75,52.6652082313
388,52.75,52.6433543726
389,52.75,52.6645238507
390,52.75,52.6602821543
391,52.75,52.6606775003
392,52.75,52.6645115756
393,52.75,52.75
394,52.75,52.75
395,52.75,52.7123857127
396,52.75,52.6772768406
397,52.75,52.75
398,52.75,52.75
399,52.75,52.75
400,52.75,52.6559371183
401,52.7993882479,52.7008105905
402,52.75,52.75
403,52.75,52.75
404,52.7993757826,52.75
405,52.75,52.75
406,52.75,52.75
407,52.75,52.75
408,52.75,52.75
409,52.75,52.75
410,52.75,52.75
411,52.75,52.75
412,52.7600702906,52.75
413,52.75,52.75
414,52.75,52.75
415,52.75,52.75
416,52.75,52.75
417,52.8221460985,52.75
418,52.75,52.7168355802
419,52.75,52.75
420,52.75,52.6692573917
421,52.75,52.75
422,52.75,52.75
423,52.75,52.75
424,52.75,52.75
425,52.75,52.75
426,52.75,52.75
427,52.75,52.75
428,52.75,52.75
429,52.75,52.75
430,52.75,52.75
431,52.796655029,52.6851183937
432,52.75,52.75
433,52.75,52.75
434,52.75,52.75
435,52.75,52.75
436,52.75,52.75
437,52.75,52.75
438,52.75,52.75
439,52.75,52.75
440,52.75,52.75
441,52.75,52.75
442,52.75,52.75
443,52.75,52.75
444,52.75,52.75
445,52.75,52.75
446,52.75,52.6810326202
447,52.75,52.75
448,52.75,52.6654412675
449,52.7572334685,52.75
450,52.75,52.75
451,52.75,52.75
452,52.7728022699,52.75
453,52.8122970269,52.75
454,52.8696995632,52.75
455,52.75,52.75
456,52.75,52.75
457,52.75,52.75
458,52.75,52.75
459,52.75,52.75
460,52.75,52.75
461,52.8922805192,52.75
462,52.75,52.75
463,52.75,52.75
464,52.75,52.75
465,52.75,52.75
466,52.7974386872,52.75
467,52.75,52.75
468,52.75,52.755516325
469,52.75,52.75
470,52.75,52.75
471,52.75,52.75
472,52.7559407326,52.75
473,52.75,52.75
474,52.75,52.715627488
475,52.75,52.6631863764
476,52.75,52.6636404425
477,52.75,52.75
478,52.75,52.6571496406
479,52.75,52.75
480,52.75,52.75
481,52.75,52.75
482,52.75,52.75
483,52.75,52.75
484,52.75,52.75
485,52.75,52.7188537259
486,52.75,52.75
487,52.75,52.75
488,52.75,52.75
489,52.75,52.75
490,52.75,52.75
491,52.75,52.75
492,52.75,52.7534814412
493,52.75,52.75
494,52.75,52.75
495,52.75,52.75
496,52.8703652646,52.75
497,52.75,52.75
498,52.75,52.75
499,52.75,52.7808707929
500,52.75,52.75
501,52.75,52.75
502,52.8080410858,52.75
503,52.7875676442,52.75
504,52.75,52.75
505,52.7808598108,52.75
506,52.75,52.75
507,52.75,52.75
508,52.75,52.75
509,52.75,52.75
510,52.75,52.75
511,52.75,52.75
512,52.8678400735,52.75
513,52.75,52.7028251852
514,52.75,52.7255337582
515,52.75,52.75
516,52.75,52.75
517,52.75,52.75
518,52.8734593949,52.75
519,52.75,52.75
520,52.7586169108,52.75
521,52.75,52.75
522,52.75,52.75
523,52.75,52.75
524,52.75,52.75
525,52.8729415127,52.75
526,52.75,52.75
527,52.75,52.7163723222
528,52.75,52.6650249616
529,52.75,52.66196686
530,52.75,52.6592020836
531,52.75,52.6558856463
532,52.75,52.75
533,52.75,52.75
534,52.8828565917,52.75
535,52.75,52.75
536,52.75,52.6658786601
537,52.7523555121,52.75
538,52.75,52.75
539,52.75,52.75
540,52.75,52.75
541,52.75,52.75
542,52.75,52.75
543,52.75,52.75
544,52.75,52.75
545,52.75,52.75
546,52.75,52.75
547,52.75,52.75
548,52.75,52.75
549,52.8672539591,52.75
550,52.8223981705,52.75
551,52.872728684,52.75
552,52.75,52.75
553,52.75,52.6969961352
554,52.7857503674,52.6968252809
555,52.7658562767,52.7086780811
556,52.75,52.75
557,52.75,52.75
558,52.75,52.75
559,52.75,52.75
560,52.75,52.75
561,52.75,52.75
562,52.75,52.75
563,52.75,52.75
564,52.75,52.75
565,52.75,52.6601176832
566,52.75,52.75
567,52.75,52.75
568,52.8160338458,52.6554442092
569,52.9005069578,52.6734577075
570,52.8666651187,52.6687206554
571,52.75,52.6426113506
572,52.75,52.6812059125
573,52.8748793823,52.7270829908
574,52.8679093356,52.75
575,52.8728471844,52.75
576,52.8898733533,52.75
577,52.75,52.75
578,52.8680053414,52.75
579,52.9005475089,52.75
580,52.75,52.75
581,52.8771779451,52.75
582,52.8938024996,52.75
583,52.8743955817,52.75
584,52.75,52.75
585,52.8695350998,52.75
586,52.8709811326,52.75
587,52.75,52.75
588,52.75,52.7256010964
589,52.8712622708,52.7580928553
590,52.75,52.75
591,52.75,52.75
592,52.75,52.75
593,52.75,52.75
594,52.75,52.75
595,52.75,52.75
596,52.75,52.75
597,52.75,52.7095209864
598,52.7677965718,52.75
599,52.75,52.75
600,52.75,52.75
601,52.75,52.75
602,52.75,52.665499097
603,52.75,52.7317778779
604,52.75,52.75
605,52.75,52.75
606,52.75,52.75
607,52.8702996703,52.75
608,52.8772899289,52.6463734495
609,52.75,52.75
610,52.75,52.75
611,52.75,52.6549786497
612,52.75,52.6647556215
613,52.834165455,52.6599867851
614,52.75,52.6576603666
615,52.75,52.6596943228
616,52.75,52.6484148673
617,52.75,52.6320243613
618,52.75,52.6475211571
619,52.75,52.6542320592
620,52.75,52.656366352
621,52.75,52.6562736028
622,52.75,52.6783899423
623,52.75,52.6533481782
624,52.75,52.650858483
625,52.75,52.6454710105
626,52.75,52.657094955
627,52.75,52.6489036901
628,52.75,52.75
629,52.75,52.75
630,52.75,52.75
631,52.75,52.75
632,52.75,52.75
633,52.75,52.75
634,52.75,52.75
635,52.75,52.75
636,52.75,52.75
637,52.75,52.75
638,52.75,52.75
639,52.75,52.6702045338
640,52.75,52.75
641,52.75,52.669207859
642,52.75,52.694506795
643,52.8289183916,52.6937472895
644,52.7673883308,52.75
645,52.75,52.6619366251
646,52.8093976301,52.68276279
647,52.75,52.75
648,52.75,52.75
649,52.75,52.75
650,52.7672138902,52.75
651,52.8022536798,52.75
652,52.75,52.75
653,52.75,52.75
654,52.75,52.75
655,52.75,52.75
656,52.75,52.75
657,52.75,52.75
658,52.75,52.75
659,52.75,52.75
660,52.75,52.75
661,52.75,52.75
662,52.75,52.75
663,52.75,52.75
664,52.75,52.75
665,52.75,52.75
666,52.75,52.75
667,52.75,52.75
668,52.75,52.75
669,52.75,52.75
670,52.75,52.75
671,52.8060410706,52.75
672,52.75,52.75
673,52.75,52.75
674,52.75,52.75
675,52.75,52.75
676,52.75,52.75
677,52.75,52.75
678,52.75,52.75
679,52.75,52.75
680,52.7786325332,52.75
681,52.75,52.75
682,52.75,52.75
683,52.75,52.7668043692
684,52.75,52.75
685,52.75,52.75
686,52.75,52.75
687,52.75,52.7544178477
688,52.75,52.75
689,52.75,52.75
690,52.8247260155,52.75
691,52.75,52.75
692,52.75,52.75
693,52.75,52.75
694,52.75,52.75
695,52.75,52.75
696,52.75,52.75
697,52.75,52.75
698,52.75,52.75
699,52.7749145326,52.75
700,52.75,52.75
701,52.75,52.75
702,52.75,52.7819961202
703,52.75,52.75
704,52.75,52.75
705,52.75,52.75
706,52.8673400406,52.75
707,52.8634512065,52.75
708,52.75,52.75
709,52.75,52.75
710,52.75,52.75
711,52.75,52.75
712,52.75,52.75
713,52.75,52.75
714,52.75,52.75
715,52.75,52.75
716,52.75,52.75
717,52.75,52.75
718,52.75,52.75
719,52.75,52.75
720,52.75,52.75
721,52.75,52.75
722,52.75,52.75
723,52.75,52.75
724,52.75,52.75
725,52.75,52.75
726,52.75,52.75
727,52.75,52.75
728,52.75,52.75
729,52.75,52.75
730,52.75,52.75
731,52.75,52.75
732,52.75,52.75
733,52.75,52.75
734,52.75,52.75
735,52.75,52.75
736,52.75,52.75
737,52.75,52.75
738,52.75,52.75
739,52.75,52.75
740,52.8806677763,52.75
741,52.8695057419,52.75
742,52.8683475782,52.75
743,52.8749344299,52.75
744,52.8772639511,52.7977413832
745,52.8888386603,52.75
746,52.8846716651,52.75
747,52.9145582549,52.75
748,52.8904373786,52.75
749,52.8858973697,52.7649176594
750,52.9135462917,52.75
751,52.911692453,52.75
752,52.9117138647,52.75
753,52.9023338123,52.75
754,52.889761798,52.75
755,52.8880452544,52.75
756,52.8898472333,52.7644944834
757,52.8995258804,52.75
758,52.9104791943,52.75
759,52.8990421898,52.75
760,52.8976270635,52.75
761,52.8915813445,52.75
762,52.9015968106,52.75
763,52.9031878807,52.75
764,52.8928376872,52.75
765,52.8908052817,52.75
766,52.9022138928,52.75
767,52.8978566398,52.75
768,52.8825778457,52.75
769,52.8898545923,52.75
770,52.8874579584,52.75
771,52.9024332799,52.7719473985
772,52.9170379282,52.75
773,52.8998370641,52.75
774,52.9056319491,52.75
775,52.9011893051,52.75
776,52.8851189665,52.75
777,52.8993466162,52.75
778,52.9040147442,52.75
779,52.9061950713,52.75
780,52.8894062293,52.75
781,52.8741449153,52.75
782,52.8714954203,52.75
783,52.886805826,52.7628787236
784,52.890290568,52.75
785,52.8929935403,52.75
786,52.9048321553,52.75
787,52.9010249916,52.75
788,52.8955463089,52.75
789,52.8928779211,52.75
790,52.9006417875,52.75
791,52.898802839,52.75
792,52.902937726,52.75
793,52.8982197843,52.75
794,52.9044237778,52.75
795,52.9050774702,52.75
796,52.9017118062,52.75
797,52.902680661,52.75
798,52.8987236702,52.75
799,52.8886006215,52.75
800,52.8945643947,52.75
